init params
error: nan
0.492249
0.162533
15.274
0.00189365
4.57938
8.54836e-18
2.53503e-17
7.22236e-18
45741.9
22713.1
0.45

new params
error: nan
0.492249
0.162533
15.274
0.00189365
4.57938
8.54836e-18
2.53503e-17
7.22236e-18
45741.9
22713.1
0.45
****************************************

init params
error: nan
0.492249
0.162533
15.274
0.00189365
4.57938
8.54836e-18
2.53503e-17
7.22236e-18
45741.9
22713.1
0.45

new params
error: nan
0.492249
0.162533
15.274
0.00189365
4.57938
8.54836e-18
2.53503e-17
7.22236e-18
45741.9
22713.1
0.45
****************************************

