3 20.7177
0 20.7177
7 20.7177
5 20.7177
4 20.7177
2 20.7177
9 20.7177
8 20.7177
6 20.7177
1 20.7177
13 16.6798
17 16.6798
15 16.6798
12 16.6798
10 16.6798
14 16.6798
18 16.6798
19 16.6798
16 16.6798
11 16.6798
27 10.6399
23 10.6399
22 10.6399
20 10.6399
25 10.6399
24 10.6399
26 10.6399
28 10.6399
29 10.6399
21 10.6399
33 10.6399
37 10.6399
30 10.6399
32 10.6399
34 10.6399
35 10.6399
36 10.6399
31 10.6399
39 10.6399
38 10.6399
43 10.6399
47 10.6399
42 10.6399
44 10.6399
45 10.6399
40 10.6399
46 10.6399
41 10.6399
49 10.6399
48 10.6399
53 10.6399
52 10.6399
57 10.6399
50 10.6399
54 10.6399
55 10.6399
56 10.6399
59 10.6399
51 10.6399
58 10.6399
63 10.6399
67 10.6399
62 10.6399
60 10.6399
64 10.6399
65 10.6399
66 10.6399
69 10.6399
61 10.6399
68 10.6399
73 10.6399
77 10.6399
72 10.6399
74 10.6399
70 10.6399
75 10.6399
76 10.6399
79 10.6399
71 10.6399
78 10.6399
83 10.6399
87 10.6399
82 10.6399
84 10.6399
80 10.6399
85 10.6399
89 10.6399
86 10.6399
81 10.6399
88 10.6399
93 9.61025
97 9.61025
92 9.61025
94 9.61025
95 9.61025
90 9.61025
96 9.61025
91 9.61025
99 9.61025
98 9.61025
103 9.61025
102 9.61025
107 9.61025
104 9.61025
100 9.61025
105 9.61025
106 9.61025
109 9.61025
101 9.61025
108 9.61025
113 9.61025
117 9.2702
112 9.2702
114 9.2702
110 9.2702
115 9.2702
116 9.12917
119 9.12917
111 9.12917
118 9.12917
123 9.12917
122 9.12917
127 9.12917
124 9.07961
125 9.07961
120 9.07961
126 9.05473
129 9.05473
121 9.05473
128 9.05473
133 9.05473
132 9.05473
137 9.05473
135 9.05473
130 9.05473
134 9.05473
136 9.05473
131 9.05473
139 9.05473
138 9.05473
143 9.05473
142 9.05473
147 9.05473
144 9.05473
145 9.05473
140 9.05473
146 9.05473
141 9.05473
149 9.05473
148 9.05473
153 9.05473
152 9.05473
157 9.05473
155 8.6715
154 8.6715
150 8.6715
156 8.6715
151 8.6715
159 8.6715
158 8.6715
163 8.6715
162 8.6715
167 8.6715
165 8.6715
164 8.6715
160 8.6715
166 8.6715
161 8.6715
169 8.6715
168 8.6715
173 8.6715
172 8.6715
177 8.6715
175 8.6715
174 8.6715
170 8.6715
171 8.6715
176 8.6715
179 8.6715
178 8.64014
183 8.21376
182 8.21376
187 8.21376
185 8.21376
184 8.21376
180 8.21376
186 8.21376
181 8.21376
189 8.21376
188 8.21376
193 7.99516
192 7.99516
197 7.99516
195 7.99516
194 7.99516
190 7.99516
196 7.99516
191 7.99516
199 7.99516
198 7.99516
203 7.99516
202 7.99516
207 7.99516
205 7.99516
204 7.99516
200 7.99516
206 7.99516
201 7.99516
209 7.99516
208 7.99516
213 7.91934
212 7.91934
217 7.91934
215 7.91934
214 7.91934
210 7.91934
216 7.91934
211 7.91934
219 7.91934
218 7.91934
223 7.8594
222 7.8594
227 7.8594
224 7.8594
225 7.8594
220 7.8594
226 7.8594
221 7.8594
229 7.8594
228 7.8594
233 7.8594
232 7.8594
237 7.8594
235 7.8594
234 7.8594
230 7.8594
236 7.8594
231 7.8594
239 7.8594
238 7.8594
243 7.58888
242 7.58888
247 7.58888
240 7.58888
244 7.58888
245 7.58888
241 7.58888
246 7.58888
249 7.46933
248 7.46933
253 7.46933
252 7.46933
257 7.46933
255 7.46933
250 7.46933
254 7.46933
251 7.46933
256 7.46933
259 7.46933
258 7.46933
263 7.44215
262 7.44215
267 7.44215
264 7.44215
260 7.44215
265 7.44215
261 7.44215
266 7.44081
269 7.44081
268 7.44081
273 7.40413
272 7.40413
277 7.40413
270 7.40413
275 7.40413
274 7.40413
271 7.40413
276 7.40413
279 7.39335
278 7.39335
283 6.61487
282 6.61487
287 6.61487
280 6.61487
284 6.61487
285 6.61487
281 6.61487
286 6.61487
289 6.61487
288 6.61487
293 6.61487
292 6.61487
297 6.61487
294 6.61487
295 6.61487
290 6.61487
291 6.61487
296 6.61487
299 6.61487
298 6.61487
303 6.61487
302 6.61487
307 6.61487
304 6.61487
305 6.61487
300 6.61487
301 6.61487
306 6.61487
309 6.61487
308 6.61487
313 6.61487
312 6.61487
317 6.61487
314 6.61487
315 6.61487
310 6.61487
311 6.61487
316 6.61487
319 6.61487
318 6.61487
323 6.61487
322 6.61487
324 6.61487
327 6.61487
325 6.61487
320 6.61487
321 6.61487
326 6.61487
329 6.61487
328 6.61487
333 6.61487
332 6.61487
334 6.61487
335 6.61487
337 6.61487
330 6.61487
331 6.61487
336 6.61487
339 6.61487
338 6.61487
343 6.61487
342 6.61487
344 6.61487
345 6.61487
347 6.61487
340 6.61487
346 6.61487
341 6.61487
349 6.61487
348 6.61487
353 6.61487
352 6.61487
355 6.61487
354 6.61487
357 6.61487
350 6.61487
356 6.61487
351 6.61487
359 6.61487
358 6.61487
363 6.61487
362 6.61487
364 6.61487
365 6.61487
367 6.61487
360 6.61487
366 6.61487
361 6.61487
369 6.61487
368 6.61487
373 6.61487
372 6.61487
375 6.61487
377 6.61487
374 6.61487
370 6.61487
376 6.61487
371 6.61487
379 6.61487
378 6.61487
383 6.48702
382 6.48702
387 6.48702
385 6.48702
384 6.48702
380 6.48702
386 6.48702
381 6.48702
389 6.48702
388 6.48702
393 6.48702
392 6.48702
395 6.48702
397 6.48702
394 6.48702
390 6.48702
396 6.48702
391 6.48702
399 6.48702
398 6.48702
403 6.48702
402 6.48702
405 6.48702
407 6.48702
404 6.48702
400 6.48702
406 6.48702
401 6.48702
409 6.48702
408 6.48702
413 6.48702
412 6.48702
415 6.48702
414 6.48702
417 6.48702
410 6.48702
416 6.48702
411 6.48702
419 6.48702
418 6.48702
423 6.39906
422 6.39906
424 6.39906
425 6.39906
427 6.39906
420 6.39906
426 6.39906
421 6.39906
429 6.39906
428 6.39906
433 6.39906
432 6.39906
434 6.39906
435 6.39906
430 6.39906
437 6.39906
436 6.39906
431 6.39906
439 6.39906
438 6.39906
443 6.39906
442 6.39906
444 6.39906
445 6.39906
440 6.39906
447 6.39906
446 6.39906
441 6.39906
449 6.39906
448 6.39906
452 6.39906
453 6.39906
454 6.39906
450 6.39906
455 6.39906
457 6.39906
456 6.39906
451 6.39906
459 6.39906
458 6.39906
462 6.39906
463 6.39906
464 6.39906
460 6.39906
465 6.39906
467 6.39906
466 6.39906
461 6.39906
469 6.39906
468 6.39906
472 6.39906
473 6.39906
474 6.39906
470 6.39906
475 6.39906
477 6.39906
476 6.39906
471 6.39906
478 6.39906
479 6.39906
482 6.39906
483 6.39906
484 6.39906
480 6.39906
487 6.39906
485 6.39906
486 6.39906
481 6.39906
488 6.39906
489 6.39906
492 6.39906
493 6.39906
494 6.39906
490 6.39906
495 6.39906
497 6.39906
496 6.39906
491 6.39906
499 6.39906
498 6.39906
8 21.1539
7 21.1539
2 21.1539
9 21.1539
5 21.1539
6 13.7494
4 13.7494
1 13.7494
3 13.7494
0 13.7494
18 13.7494
19 13.7494
15 13.7494
12 13.7494
17 13.7494
14 13.7494
13 13.7494
16 13.7494
10 13.7494
11 13.7494
28 13.7494
29 13.7494
22 13.7494
25 13.7494
23 13.2514
24 13.2514
27 13.2514
20 13.2514
26 13.2514
21 13.2514
38 9.40574
39 9.40574
35 9.40574
32 9.40574
33 9.40574
34 9.40574
30 9.40574
37 9.40574
36 9.40574
31 9.40574
49 9.40574
48 9.40574
45 9.40574
42 9.40574
43 9.40574
44 9.40574
47 9.40574
40 9.40574
46 9.40574
41 9.40574
58 9.40574
59 9.40574
55 9.40574
52 9.40574
53 9.40574
57 9.40574
54 9.40574
50 9.40574
56 9.40574
51 9.40574
69 9.40574
68 9.40574
65 9.40574
62 9.40574
63 9.40574
64 9.40574
67 9.40574
60 9.40574
66 9.40574
61 9.40574
79 8.75253
75 8.75253
78 8.75253
73 8.75253
72 8.75253
74 8.75253
77 8.75253
70 8.75253
76 8.75253
71 8.75253
89 8.37249
85 8.37249
88 8.37249
83 8.37249
82 8.37249
87 8.37249
84 8.37249
80 8.37249
86 8.37249
81 8.37249
99 6.77277
95 6.77277
98 6.77277
93 6.77277
97 6.77277
92 6.77277
90 6.77277
94 6.77277
96 6.77277
91 6.77277
105 6.77277
109 6.77277
108 6.77277
103 6.77277
104 6.77277
107 6.77277
100 6.77277
102 6.77277
106 6.77277
101 6.77277
115 6.77277
119 6.77277
118 6.77277
113 6.77277
114 6.77277
117 6.77277
110 6.77277
112 6.77277
116 6.77277
111 6.77277
129 6.34912
125 6.34912
128 6.34912
123 6.34912
124 6.34912
120 6.34912
127 6.34912
122 6.34912
126 6.34912
121 6.34912
135 6.34912
139 6.34912
138 6.34912
134 6.34912
133 6.34912
130 6.34912
137 6.34912
132 6.34912
136 6.34912
131 6.34912
145 6.24043
149 6.24043
148 6.24043
144 6.24043
143 6.24043
140 6.24043
147 6.24043
142 6.24043
146 6.24043
141 6.24043
155 5.41171
159 5.41171
158 5.41171
154 5.41171
153 5.41171
150 5.41171
157 5.41171
152 5.41171
156 5.41171
151 5.41171
165 5.41171
169 5.41171
168 5.41171
164 5.41171
163 5.41171
160 5.41171
167 5.41171
162 5.41171
166 5.41171
161 5.41171
175 5.41171
179 5.41171
178 5.41171
174 5.41171
173 5.41171
170 5.41171
177 5.41171
172 5.41171
176 5.41171
171 5.41171
185 5.41171
189 5.41171
184 5.41171
188 5.41171
183 5.41171
180 5.41171
187 5.41171
182 5.41171
186 5.41171
181 5.41171
195 5.41171
199 5.41171
198 5.41171
193 5.41171
194 5.41171
190 5.41171
197 5.41171
192 5.41171
196 5.41171
191 5.41171
209 5.22082
205 5.22082
208 5.22082
204 5.22082
203 5.22082
200 5.22082
207 5.22082
202 5.22082
206 5.22082
201 5.22082
219 5.22082
215 5.22082
214 5.22082
213 5.22082
218 5.22082
210 5.22082
212 5.22082
217 5.22082
216 5.22082
211 5.22082
229 5.22082
225 5.22082
224 5.22082
223 5.22082
228 5.22082
220 5.22082
222 5.22082
227 5.22082
226 5.22082
221 5.22082
239 4.6368
235 4.6368
234 4.6368
233 4.6368
238 4.6368
230 4.6368
232 4.6368
237 4.6368
236 4.6368
231 4.6368
249 4.6368
245 4.6368
244 4.6368
243 4.6368
248 4.6368
240 4.6368
242 4.6368
247 4.6368
246 4.6368
241 4.6368
259 4.6368
255 4.6368
254 4.6368
253 4.6368
250 4.6368
258 4.6368
252 4.6368
257 4.6368
256 4.6368
251 4.6368
269 4.6368
265 4.6368
260 4.6368
264 4.6368
263 4.6368
268 4.6368
262 4.6368
267 4.6368
266 4.6368
261 4.6368
279 4.6368
275 4.6368
273 4.6368
270 4.6368
274 4.6368
278 4.6368
272 4.6368
277 4.6368
276 4.6368
271 4.6368
289 4.6368
285 4.6368
283 4.6368
280 4.6368
284 4.6368
288 4.6368
282 4.6368
287 4.6368
286 4.6368
281 4.6368
295 4.6368
299 4.6368
293 4.6368
290 4.6368
298 4.6368
294 4.6368
292 4.6368
297 4.6368
296 4.6368
291 4.6368
305 4.6368
309 4.6368
303 4.6368
308 4.6368
300 4.6368
304 4.6368
302 4.6368
307 4.6368
306 4.6368
301 4.6368
319 4.6368
315 4.6368
313 4.6368
310 4.6368
318 4.6368
314 4.6368
312 4.6368
317 4.6368
316 4.6368
311 4.6368
329 4.6368
325 4.6368
323 4.6368
320 4.6368
328 4.6368
324 4.6368
322 4.6368
327 4.6368
326 4.6368
321 4.6368
339 4.6368
335 4.6368
338 4.6368
333 4.6368
330 4.6368
334 4.6368
332 4.6368
337 4.6368
336 4.6368
331 4.6368
349 4.6368
340 4.6368
348 4.6368
345 4.6368
343 4.6368
344 4.6368
342 4.6368
347 4.6368
346 4.6368
341 4.6368
359 4.6368
358 4.6368
350 4.6368
355 4.6368
353 4.6368
354 4.6368
352 4.6368
357 4.6368
356 4.6368
351 4.6368
369 4.6368
368 4.6368
360 4.6368
365 4.6368
363 4.6368
364 4.6368
362 4.6368
367 4.6368
366 4.6368
361 4.6368
379 4.6368
378 4.6368
370 4.6368
375 4.6368
373 4.6368
374 4.6368
372 4.6368
377 4.6368
376 4.6368
371 4.6368
380 4.6368
388 4.6368
385 4.6368
389 4.6368
383 4.6368
384 4.6368
382 4.6368
387 4.6368
386 4.6368
381 4.6368
390 4.6368
395 4.6368
398 4.6368
399 4.6368
393 4.6368
394 4.6368
392 4.6368
397 4.6368
396 4.24083
391 4.24083
400 4.24083
405 4.24083
408 4.24083
409 4.24083
403 4.24083
404 4.24083
402 4.24083
407 4.24083
406 4.24083
401 4.24083
410 4.24083
415 4.24083
418 4.24083
419 4.24083
413 4.24083
414 4.24083
412 4.24083
417 4.24083
416 4.24083
411 4.24083
420 4.24083
425 4.24083
428 4.24083
429 4.24083
423 4.24083
424 4.24083
422 4.24083
427 4.24083
426 4.24083
421 4.24083
435 4.24083
430 4.24083
439 4.24083
438 4.24083
433 4.24083
434 4.24083
432 4.24083
437 4.24083
436 4.24083
431 4.24083
445 4.24083
448 4.24083
449 4.24083
440 4.24083
443 4.24083
444 4.24083
442 4.24083
447 4.24083
446 4.24083
441 4.24083
458 4.24083
455 4.24083
459 4.24083
450 4.24083
453 4.24083
454 4.24083
452 4.24083
457 4.24083
456 4.24083
451 4.24083
468 4.24083
465 4.24083
463 4.24083
460 4.24083
469 4.24083
464 4.24083
462 4.24083
467 4.24083
466 4.24083
461 4.24083
478 4.24083
475 4.24083
470 4.24083
479 4.24083
473 4.24083
474 4.24083
472 4.24083
477 4.24083
476 4.24083
471 4.24083
488 4.24083
485 4.24083
483 4.24083
489 4.24083
480 4.24083
484 4.24083
482 4.24083
487 4.24083
486 4.24083
481 4.24083
498 4.24083
495 4.24083
493 4.24083
499 4.24083
490 4.24083
494 4.24083
492 4.24083
497 4.24083
496 4.24083
491 4.24083
3 21.1941
0 21.1941
4 21.1941
2 21.1941
9 21.1941
5 21.1941
1 21.1941
6 21.1941
8 21.1941
7 21.1941
10 21.1941
19 21.1941
12 21.1941
14 21.1941
11 21.1941
15 21.1941
13 21.1941
18 21.1941
17 21.1941
16 21.1941
20 20.9996
29 20.9996
24 20.9996
22 20.9996
21 20.9996
25 20.9996
23 20.9996
27 20.9996
28 20.9996
26 20.9996
30 19.1178
34 18.3633
32 18.3633
39 18.3148
31 16.6865
35 16.6865
33 16.6865
37 16.6865
38 16.6865
36 16.6865
40 12.0043
49 12.0043
42 12.0043
44 12.0043
41 12.0043
45 12.0043
43 12.0043
47 12.0043
46 12.0043
48 12.0043
50 11.6641
59 11.6641
52 11.6641
54 11.6641
51 11.6641
55 11.6641
53 11.6641
57 11.6641
56 11.6641
58 11.6641
60 11.6641
69 11.6641
62 11.6641
64 11.6641
61 11.6115
65 11.6115
63 11.6115
67 11.6115
68 11.6115
66 11.6115
70 10.6403
79 10.6403
74 8.92792
72 8.92792
71 8.92792
75 8.92792
73 8.55955
77 8.55955
76 8.55955
78 8.55955
80 8.48923
89 8.48923
84 8.48923
82 8.48923
81 8.48923
85 8.48923
83 8.48923
87 8.48923
86 8.48923
88 8.48923
90 8.21451
99 8.21451
94 8.21451
92 8.21451
91 8.21451
95 8.21451
97 8.21451
93 8.21451
96 8.21451
98 8.21451
100 7.70212
109 7.70212
104 7.70212
102 7.70212
101 7.70212
105 7.70212
106 7.70212
103 7.70212
107 7.70212
108 7.70212
110 6.87551
119 6.87551
114 6.87551
112 6.87551
111 6.87551
115 6.87551
117 6.87551
116 6.87551
113 6.87551
118 6.87551
120 6.87551
124 6.87551
129 6.87551
121 6.87551
122 6.87551
125 6.61961
126 6.61961
127 6.61961
123 6.61961
128 6.61961
130 6.61961
134 6.61961
139 6.61961
131 6.61961
132 6.61961
135 6.61961
136 6.61961
137 6.61961
133 6.61961
138 6.61961
140 6.40086
144 6.40086
149 6.40086
141 6.40086
142 6.40086
145 6.40086
146 6.40086
147 6.40086
143 6.40086
148 6.40086
150 6.23949
159 6.23949
154 6.23949
152 6.23949
151 6.23949
155 6.23949
156 6.23949
157 6.23949
153 6.23949
158 6.23949
160 6.03495
169 6.03495
162 6.03495
164 6.03495
161 6.03495
165 6.03495
167 6.03495
166 6.03495
163 6.03495
168 6.03495
170 5.60769
179 5.60769
172 5.60769
174 5.60769
171 5.60769
175 5.60769
177 5.60769
173 5.60769
178 5.60769
176 5.60769
180 5.60769
189 5.60769
182 5.60769
184 5.60769
181 5.60769
185 5.60769
187 5.60769
183 5.60769
188 5.60769
186 5.60769
190 5.60769
192 5.60769
199 5.60769
194 5.60769
191 5.60769
195 5.60769
197 5.60769
193 5.60769
198 5.60769
196 5.60769
200 5.60769
202 5.60769
209 5.60769
204 5.60769
201 5.60769
207 5.60769
203 5.60769
205 5.60769
208 5.60769
206 5.60769
210 5.26052
212 5.26052
219 5.26052
214 5.26052
211 5.26052
215 5.26052
217 5.26052
213 5.26052
218 5.26052
216 5.26052
220 5.26052
222 5.26052
229 5.26052
224 5.26052
221 5.26052
225 5.26052
227 5.26052
223 5.26052
228 5.26052
226 5.26052
230 5.26052
232 5.26052
239 5.26052
234 5.26052
231 5.26052
235 5.26052
233 5.26052
237 5.26052
238 5.26052
236 5.26052
240 5.26052
249 5.26052
242 5.26052
244 5.26052
241 5.26052
245 5.26052
247 5.26052
243 5.26052
248 5.26052
246 5.26052
250 5.26052
252 5.26052
259 5.26052
254 5.26052
251 5.26052
257 5.26052
255 5.26052
253 5.26052
258 5.26052
256 5.26052
269 5.26052
260 5.26052
262 5.26052
264 5.26052
261 5.26052
265 5.26052
267 5.26052
263 5.26052
266 5.26052
268 5.26052
272 5.26052
279 5.26052
270 5.26052
274 5.26052
271 5.26052
275 5.26052
277 5.26052
273 5.26052
278 5.26052
276 5.26052
289 5.26052
282 5.26052
280 5.26052
284 5.26052
281 5.26052
285 5.26052
287 5.26052
283 5.26052
288 5.26052
286 5.26052
299 5.26052
292 5.26052
290 5.26052
294 5.26052
291 5.26052
295 5.26052
293 5.26052
297 5.26052
296 5.26052
298 5.26052
309 5.26052
302 5.26052
300 5.26052
304 5.26052
301 5.26052
305 5.26052
303 5.26052
307 5.26052
308 5.26052
306 5.26052
319 5.26052
312 5.26052
310 5.26052
314 5.26052
311 5.26052
315 5.26052
313 5.26052
317 5.26052
318 5.26052
316 5.26052
329 5.26052
322 5.26052
320 5.26052
324 5.26052
321 5.26052
325 5.26052
323 5.26052
327 5.26052
328 5.26052
326 5.26052
339 5.26052
332 5.26052
330 5.26052
334 5.26052
331 5.26052
335 5.26052
333 5.26052
337 5.26052
336 5.26052
338 5.26052
349 5.20821
342 5.20821
340 5.20821
344 5.20821
341 5.20821
345 5.20821
343 5.20821
347 5.20821
346 5.20821
348 5.20821
359 5.20821
352 5.20821
350 5.20821
354 5.20821
351 5.20821
355 5.20821
353 5.20821
357 5.20821
358 5.20821
356 5.20821
369 5.20821
362 5.20821
360 5.20821
364 5.20821
361 5.20821
365 5.20821
363 5.20821
367 5.20821
368 5.20821
366 5.20821
379 5.20821
372 5.20821
370 5.20821
374 5.20821
371 5.20821
375 5.20821
373 5.20821
377 5.20821
378 5.20821
376 5.20821
389 5.20821
382 5.20821
380 5.20821
381 5.20821
384 5.20821
385 5.20821
383 5.20821
387 5.20821
388 5.20821
386 5.20821
399 5.20821
392 5.20821
390 5.20821
391 5.20821
394 5.20821
395 5.20821
393 5.20701
397 5.20701
398 5.20701
396 5.20701
409 5.20701
402 5.20701
400 5.20701
401 5.20701
404 5.20701
405 5.20701
403 5.20701
407 5.20701
408 5.20701
406 5.20701
419 5.20701
412 5.20701
410 5.20701
411 5.20701
414 5.20701
415 5.20701
413 5.20701
418 5.20701
417 5.20701
416 5.20701
429 5.20701
422 5.20701
420 5.20701
421 5.20701
424 5.20701
425 5.20701
423 5.20701
427 5.20701
428 5.20701
426 5.20701
439 5.20701
432 5.20701
430 5.20701
431 5.20701
434 5.20701
435 5.20701
433 5.20701
437 5.20701
438 5.20701
436 5.20701
449 5.16752
442 5.16752
440 5.16752
444 5.16752
441 5.16752
445 5.16752
443 5.16752
448 5.16752
447 5.16752
446 5.16752
459 5.16752
452 5.16752
450 5.16752
454 5.16752
451 5.16752
455 5.16752
453 5.16752
458 5.16752
457 5.16752
456 5.16752
469 5.16752
462 5.16752
460 5.16752
464 5.16752
461 5.16752
465 5.16752
463 5.16752
468 5.16752
467 5.16752
466 5.16752
472 5.16752
479 5.16752
470 5.16752
474 5.16752
471 5.16752
475 5.16752
473 5.16752
478 5.16752
476 5.16752
477 5.16752
489 5.16752
482 5.16752
480 5.16752
484 5.16752
481 5.16752
485 5.16752
483 5.16752
488 5.16752
486 5.16752
487 5.16752
499 5.16752
492 5.16752
494 5.16752
490 5.16752
491 5.16752
495 5.16752
493 5.16752
498 5.16752
496 5.16752
497 5.16752
5 21.9313
6 21.9313
9 21.9313
0 21.9313
4 21.9313
2 21.9313
1 21.9313
8 21.9313
3 21.9313
7 21.9179
15 21.2348
19 21.2348
12 21.2348
14 21.2348
10 21.2348
16 21.2348
11 21.2348
18 21.2348
17 21.2348
13 21.2348
29 20.5686
22 20.5686
25 20.5686
26 20.5686
24 20.5686
20 20.5686
21 20.5686
28 20.5686
27 20.5686
23 20.5686
32 13.4917
39 13.4917
35 13.4917
36 13.4917
34 13.4917
30 13.4917
38 13.4917
33 13.4917
37 13.4917
31 13.4917
42 8.81474
49 8.81474
44 8.81474
46 8.81474
40 8.81474
45 8.81474
48 8.81474
43 8.81474
41 8.81474
47 8.81474
59 8.76133
52 8.76133
56 8.76133
50 8.76133
54 8.76133
53 8.76133
58 8.76133
55 8.76133
57 8.76133
51 8.76133
62 8.76133
60 8.76133
69 8.76133
66 8.76133
64 8.76133
65 8.76133
63 8.76133
68 8.76133
61 8.76133
67 8.76133
72 8.76133
70 8.76133
79 8.76133
74 8.76133
76 8.76133
73 8.76133
75 8.76133
78 8.76133
71 8.76133
77 8.76133
82 8.76133
80 8.76133
89 8.76133
86 8.76133
84 8.76133
83 8.76133
85 8.76133
88 8.76133
87 8.76133
81 8.76133
92 8.76133
90 8.76133
96 8.76133
99 8.76133
94 8.76133
93 8.76133
95 8.76133
98 8.76133
97 8.76133
91 8.76133
102 8.76133
106 8.76133
100 8.76133
109 8.76133
104 8.76133
103 8.76133
105 8.76133
107 8.76133
108 8.76133
101 8.76133
112 8.70593
110 8.70593
116 8.70593
119 8.70593
114 8.70593
113 8.70593
115 8.70593
117 8.70593
118 8.70593
111 8.70593
122 8.65455
120 8.65455
129 8.65455
126 8.65455
124 8.65455
123 8.65455
125 8.65455
128 8.65455
127 8.65455
121 8.65455
132 8.65455
130 8.65455
136 8.65455
139 8.65455
134 8.65455
133 8.65455
135 8.40281
138 8.40281
137 8.40281
131 8.40281
142 8.40281
140 8.40281
144 8.40281
146 8.40281
149 8.40281
143 8.40281
145 8.40281
147 8.40281
148 8.40281
141 8.40281
152 8.18013
154 8.18013
150 8.18013
159 8.18013
156 8.18013
153 8.18013
155 8.18013
157 8.18013
158 8.18013
151 8.18013
162 8.18013
164 8.18013
160 8.18013
169 8.18013
163 8.18013
166 8.18013
165 8.18013
167 8.18013
168 8.18013
161 8.18013
172 7.71998
174 7.55299
179 7.55299
170 7.55299
176 7.55299
173 7.55299
175 7.55299
177 7.55299
178 7.55299
171 7.55299
182 7.55299
184 7.55299
180 7.55299
186 7.55299
189 7.55299
183 7.55299
185 7.55299
187 7.55299
188 7.55299
181 7.55299
192 7.55299
194 7.55299
190 7.55299
199 7.55299
196 7.55299
193 7.55299
195 7.55299
198 7.55299
197 7.55299
191 7.55299
202 7.55299
204 7.55299
209 7.55299
200 7.55299
206 7.55299
203 7.55299
205 7.55299
208 7.55299
207 7.55299
201 7.55299
212 7.47963
214 7.47963
219 7.47963
210 7.47963
216 7.47963
213 7.47963
215 7.47963
218 7.47963
217 7.47963
211 7.42507
222 6.96281
224 6.96281
229 6.96281
220 6.96281
226 6.96281
223 6.96281
225 6.96281
228 6.96281
227 6.96281
221 6.96281
232 5.99564
234 5.99564
239 5.99564
230 5.99564
236 5.99564
233 5.99564
235 5.99564
238 5.99564
237 5.99564
231 5.99564
242 5.99564
244 5.99564
249 5.99564
240 5.99564
246 5.99564
243 5.99564
248 5.99564
245 5.99564
247 5.99564
241 5.99564
252 5.99564
254 5.99564
250 5.99564
259 5.99564
256 5.99564
253 5.99564
258 5.99564
255 5.99564
257 5.99564
251 5.99564
262 5.99564
264 5.99564
269 5.99564
260 5.99564
266 5.99564
263 5.99564
268 5.99564
265 5.99564
267 5.99564
261 5.99564
272 5.99564
274 5.99564
270 5.99564
279 5.99564
276 5.99564
273 5.99564
278 5.99564
275 5.99564
277 5.99564
271 5.99564
282 5.99564
284 5.99564
280 5.99564
289 5.99564
286 5.99564
283 5.99564
285 5.99564
288 5.99564
287 5.99564
281 5.99564
292 5.99564
294 5.99564
290 5.99564
299 5.99564
296 5.99564
293 5.99564
295 5.99564
298 5.99564
297 5.99564
291 5.99564
302 5.99564
304 5.99564
300 5.99564
309 5.99564
306 5.99564
303 5.99564
305 5.99564
308 5.99564
307 5.99564
301 5.99564
312 5.99564
314 5.99564
310 5.99564
319 5.99564
316 5.99564
313 5.99564
315 5.99564
318 5.99564
317 5.99564
311 5.99564
322 5.90212
324 5.90212
320 5.90212
329 5.90212
326 5.90212
323 5.90212
325 5.90212
328 5.90212
327 5.90212
321 5.90212
332 5.90212
334 5.90212
330 5.90212
339 5.90212
336 5.90212
333 5.90212
335 5.90212
338 5.90212
337 5.90212
331 5.90212
342 5.90212
344 5.90212
340 5.90212
349 5.90212
346 5.90212
343 5.90212
345 5.90212
348 5.90212
347 5.90212
341 5.90212
352 5.90212
354 5.90212
350 5.90212
356 5.90212
359 5.90212
353 5.90212
355 5.90212
358 5.90212
357 5.90212
351 5.90212
362 5.90212
364 5.90212
360 5.90212
366 5.90212
369 5.90212
363 5.90212
365 5.90212
368 5.90212
367 5.90212
361 5.90212
372 5.90212
374 5.90212
370 5.90212
376 5.90212
379 5.90212
373 5.90212
375 5.90212
378 5.90212
377 5.90212
371 5.90212
382 5.90212
384 5.90212
380 5.90212
386 5.90212
389 5.90212
383 5.90212
385 5.90212
388 5.90212
387 5.90212
381 5.90212
392 5.90212
394 5.90212
390 5.90212
393 5.90212
396 5.90212
399 5.90212
395 5.90212
398 5.90212
397 5.90212
391 5.90212
402 5.90212
404 5.90212
406 5.90212
403 5.90212
400 5.90212
409 5.90212
405 5.90212
408 5.90212
407 5.90212
401 5.90212
412 5.90212
414 5.90212
416 5.90212
410 5.90212
413 5.90212
415 5.90212
419 5.90212
418 5.90212
417 5.90212
411 5.90212
422 5.90212
424 5.90212
426 5.90212
423 5.90212
420 5.90212
425 5.90212
429 5.90212
428 5.90212
427 5.90212
421 5.90212
432 5.90212
434 5.90212
436 5.90212
433 5.90212
430 5.90212
435 5.90212
439 5.90212
438 5.90212
437 5.90212
431 5.90212
442 5.90212
444 5.90212
446 5.90212
443 5.90212
440 5.90212
445 5.90212
449 5.90212
448 5.90212
447 5.90212
441 5.90212
452 5.90212
454 5.90212
456 5.90212
453 5.90212
450 5.90212
455 5.90212
459 5.90212
458 5.90212
457 5.90212
451 5.90212
462 5.86576
464 5.86576
466 5.86576
463 5.86576
465 5.86576
460 5.86576
469 5.86576
468 5.86576
467 5.86576
461 5.86576
472 5.86576
474 5.86576
473 5.86576
476 5.86576
475 5.86576
470 5.86576
479 5.86576
478 5.86576
477 5.86576
471 5.86576
482 5.86576
484 5.86576
483 5.86576
486 5.86576
480 5.86576
485 5.86576
489 5.86576
488 5.86576
487 5.86576
481 5.86576
492 5.86576
494 5.86576
493 5.86576
490 5.86576
496 5.86576
495 5.86576
499 5.86576
498 5.86576
497 5.86576
491 5.86576
6 14.68
8 14.68
3 14.68
0 14.68
1 14.68
2 14.68
9 14.68
7 14.68
5 14.68
4 14.68
13 12.3728
18 12.3728
12 12.3728
16 12.3728
19 12.3728
17 12.3728
10 12.3728
11 12.3728
15 12.3728
14 12.3728
23 9.85624
26 9.85624
28 9.85624
27 9.85624
22 9.85624
29 9.85624
21 9.85624
20 9.85624
25 9.85624
24 9.85624
33 9.85624
32 9.85624
37 9.85624
36 9.85624
38 9.85624
39 9.85624
30 9.85624
31 9.85624
35 9.85624
34 9.85624
43 8.80494
42 8.80494
40 8.80494
47 8.80494
49 8.80494
46 8.80494
48 8.80494
45 8.80494
41 8.80494
44 8.80494
53 8.66361
52 8.66361
50 8.66361
56 8.66361
57 8.66361
59 8.66361
58 8.66361
55 8.66361
51 8.66361
54 8.66361
60 8.66361
66 8.66361
63 8.66361
62 8.66361
67 8.66361
65 8.66361
68 8.66361
69 8.66361
61 8.66361
64 8.66361
70 8.66361
72 8.66361
73 8.66361
76 8.66361
79 8.66361
77 8.66361
71 8.66361
75 8.66361
78 8.66361
74 8.66361
82 8.66361
83 8.66361
80 8.66361
89 8.66361
87 8.66361
86 8.66361
81 8.66361
85 8.66361
88 8.66361
84 8.66361
92 8.66361
90 8.66361
96 8.66361
99 8.66361
93 8.66361
97 8.66361
91 8.66361
95 8.66361
98 8.66361
94 8.66361
102 8.66361
100 8.66361
103 8.66361
106 8.66361
107 8.66361
109 8.66361
101 8.66361
105 8.66361
108 8.66361
104 8.66361
112 8.34344
110 8.34344
119 8.34344
117 8.34344
116 8.34344
113 8.34344
118 8.34344
111 8.34344
115 8.34344
114 8.34344
122 8.34344
120 8.34344
127 8.34344
129 8.34344
121 8.34344
126 8.34344
128 8.34344
123 8.34344
125 8.34344
124 8.34344
132 8.34344
130 8.34344
137 8.34344
136 8.34344
139 8.34344
138 8.34344
131 8.34344
133 8.34344
135 8.34344
134 8.34344
142 8.34344
140 8.34344
147 8.34344
146 8.34344
141 8.34344
149 8.34344
145 8.34344
148 8.34344
143 8.34344
144 8.34344
152 8.34344
150 8.34209
157 8.34209
151 8.34209
159 8.34209
156 8.34209
155 8.34209
158 8.34209
153 8.34209
154 8.14932
162 8.14932
160 8.14932
167 8.14932
161 8.14932
169 8.14932
166 8.14932
163 8.14932
168 8.14932
165 8.14932
164 8.14932
172 8.14932
170 8.14932
177 8.14932
176 8.14932
178 8.14932
175 8.14932
179 8.14932
173 8.14932
171 8.14932
174 8.14932
182 7.84798
180 7.84798
187 7.84798
185 7.84798
186 7.84798
188 7.84798
189 7.84798
183 7.84798
181 7.84798
184 7.84798
192 7.84798
190 7.84798
197 7.84798
195 7.84798
196 7.84798
198 7.84798
199 7.84798
191 7.84798
193 7.84798
194 7.84798
202 7.84798
200 7.84798
207 7.84798
205 7.84798
206 7.84798
208 7.84798
209 7.84798
201 7.84798
203 7.84798
204 7.84798
212 7.84798
210 7.84798
217 7.84798
215 7.84798
216 7.84798
218 7.84798
219 7.84798
213 7.84798
211 7.84798
214 7.84798
222 7.66918
220 7.66918
227 7.66918
225 7.66918
226 7.66918
228 7.66918
223 7.66918
229 7.66918
221 7.66918
224 7.66918
232 7.66918
230 7.66918
237 7.66918
236 7.66918
235 7.66918
238 7.66918
233 7.66918
239 7.66918
231 7.66918
234 7.66918
242 7.66918
240 7.66918
247 7.66918
246 7.66918
245 7.66918
248 7.66918
243 7.66918
249 7.66918
241 7.66918
244 7.66918
252 7.66918
250 7.66918
257 7.66918
255 7.66918
256 7.66918
258 7.66918
253 7.66918
259 7.66918
251 7.66918
254 7.66918
262 7.66918
260 7.66918
267 7.66918
265 7.66918
266 7.66918
268 7.66918
263 7.66918
269 7.66918
261 7.66918
264 7.66918
272 7.65515
277 7.65515
270 7.65515
276 7.65515
275 7.65515
273 7.65515
278 7.65515
279 7.65515
271 7.65515
274 7.65515
282 7.03151
287 7.03151
280 7.03151
286 7.03151
285 7.03151
288 7.03151
283 7.03151
289 7.03151
281 7.03151
284 7.03151
292 7.03151
290 7.03151
297 7.03151
296 7.03151
298 7.03151
293 7.03151
295 7.03151
299 7.03151
291 7.03151
294 7.03151
302 7.03151
300 7.03151
307 7.03151
308 7.03151
306 7.03151
305 7.03151
303 7.03151
309 7.03151
301 7.03151
304 7.03151
312 7.03151
310 7.03151
317 7.03151
318 7.03151
316 7.03151
315 7.03151
313 7.03151
319 7.03151
311 7.03151
314 7.03151
322 7.03151
320 7.03151
327 7.03151
328 7.03151
325 7.03151
326 7.03151
323 7.03151
329 7.03151
321 7.03151
324 7.03151
332 7.03151
330 7.03151
337 7.03151
338 7.03151
335 7.03151
339 7.03151
333 7.03151
336 7.03151
331 7.03151
334 7.03151
342 7.03151
340 7.03151
347 7.03151
348 7.03151
349 7.03151
345 7.03151
343 7.03151
346 7.03151
341 7.03151
344 7.03151
352 7.03151
350 7.03151
357 7.03151
353 7.03151
358 7.03151
359 7.03151
355 7.03151
356 7.03151
351 7.03151
354 7.03151
362 7.03151
360 7.03151
367 7.03151
363 7.03151
368 7.03151
369 7.03151
365 7.03151
366 7.03151
361 7.03151
364 7.03151
372 7.03151
370 7.03151
377 7.03151
379 7.03151
378 7.03151
375 7.03151
373 7.03151
376 7.03151
371 7.03151
374 7.03151
382 6.8844
380 6.8844
389 6.8844
387 6.8844
388 6.8844
383 6.8844
385 6.8844
386 6.8844
381 6.8844
384 6.8844
392 6.8844
390 6.8844
399 6.8844
398 6.8844
393 6.8844
395 6.8844
397 6.8844
396 6.8844
391 6.8844
394 6.8844
402 6.8844
409 6.8844
403 6.8844
400 6.8844
405 6.8844
408 6.8844
407 6.8844
406 6.8844
401 6.8844
404 6.8844
412 6.8844
419 6.8844
413 6.8844
410 6.8844
415 6.8844
418 6.8844
417 6.8844
416 6.8844
411 6.8844
414 6.8844
422 6.8844
423 6.8844
429 6.8844
425 6.8844
428 6.8844
420 6.8844
427 6.8844
426 6.8844
421 6.8844
424 6.8844
432 6.8844
435 6.8844
438 6.8844
433 6.8844
439 6.8844
430 6.8844
437 6.8844
436 6.8844
431 6.8844
434 6.8844
442 6.8844
449 6.8844
448 6.8844
443 6.8844
440 6.8844
445 6.8844
447 6.8844
446 6.8844
441 6.8844
444 6.8844
452 6.8844
459 6.8844
450 6.8844
453 6.8844
455 6.8844
458 6.8844
457 6.8844
456 6.8844
451 6.8844
454 6.8844
462 6.8844
460 6.8844
469 6.8844
468 6.8844
465 6.8844
463 6.8844
467 6.8844
466 6.8844
461 6.8844
464 6.8844
472 6.8844
470 6.8844
475 6.8844
478 6.8844
479 6.8844
473 6.8844
477 6.8844
476 6.8844
471 6.8844
474 6.8844
482 6.8844
480 6.8844
485 6.8844
488 6.8844
489 6.8844
483 6.8844
487 6.8844
486 6.8844
481 6.8844
484 6.8844
492 6.8844
495 6.8844
490 6.8844
498 6.8844
499 6.8844
493 6.8844
497 6.8844
496 6.8844
491 6.8844
494 6.8844
0 21.5647
7 21.5647
5 21.5647
2 21.5647
3 21.5647
4 21.5647
9 21.5647
1 21.5647
8 21.5647
6 21.5647
10 21.3242
15 21.3242
19 21.3242
12 21.3242
17 21.3242
13 21.3242
14 21.3242
16 21.3242
18 21.3242
11 21.3242
20 16.8793
25 16.8793
22 16.8793
26 16.8793
29 16.8793
27 16.8793
24 16.8793
21 16.8793
23 16.8793
28 16.8793
30 16.6345
35 16.6345
39 16.6345
34 16.6345
37 16.6345
36 16.6345
33 16.6345
32 16.6345
31 16.6345
38 16.6345
40 11.1822
45 11.1822
49 11.1822
47 11.1822
44 11.1822
43 11.1822
46 11.1822
42 11.1822
48 11.1822
41 11.1822
50 9.90369
55 9.90369
57 9.90369
59 9.90369
54 9.90369
53 9.90369
52 9.90369
56 9.90369
58 9.90369
51 9.90369
60 9.90369
65 9.90369
69 9.90369
67 9.90369
64 9.90369
62 9.90369
66 9.90369
63 9.90369
68 9.90369
61 9.90369
70 8.63237
75 8.63237
79 8.63237
77 8.63237
74 8.63237
76 8.63237
73 8.63237
72 8.63237
78 8.63237
71 8.63237
80 8.62388
85 8.62388
89 8.62388
84 8.62388
87 8.62388
82 8.62388
86 8.62388
83 8.62388
88 8.62388
81 8.62388
90 8.62388
95 8.62388
99 8.62388
94 8.62388
92 8.62388
96 8.62388
97 8.62388
93 8.62388
98 8.62388
91 8.62388
105 8.23421
104 8.23421
100 8.23421
109 8.23421
102 8.23421
106 8.23421
107 8.23421
103 8.23421
108 8.23421
101 8.23421
115 8.23421
114 8.23421
110 8.23421
119 8.23421
112 8.23421
113 8.23421
117 8.23421
116 8.23421
118 8.23421
111 8.23421
124 8.19683
129 8.19683
125 8.19683
120 8.19683
122 8.19683
123 8.19683
127 8.19683
126 8.19683
128 8.19683
121 8.19683
134 6.93565
130 6.93565
135 6.93565
139 6.93565
132 6.93565
137 6.93565
133 6.93565
136 6.93565
131 6.93565
138 6.93565
144 6.93565
140 6.93565
145 6.93565
149 6.93565
142 6.93565
143 6.93565
147 6.93565
146 6.93565
141 6.93565
148 6.93565
154 6.46582
150 6.46582
155 6.46582
152 6.46582
159 6.46582
157 6.46582
153 6.46582
156 6.46582
158 6.46582
151 6.46582
164 6.46582
160 6.46582
169 6.46582
165 6.46582
162 6.46582
167 6.46582
163 6.46582
166 6.46582
168 6.46582
161 6.46582
174 6.46582
170 6.46582
172 6.46582
175 6.46582
179 6.46582
173 6.46582
171 6.46582
176 6.46582
177 6.46582
178 6.46582
184 6.46582
180 6.46582
182 6.46582
185 6.46582
189 6.46582
183 6.46582
181 6.46582
187 6.46582
188 6.46582
186 6.46582
194 6.46582
190 6.46582
195 6.46582
192 6.46582
199 6.46582
193 6.46582
191 6.46582
197 6.46582
196 6.46582
198 6.46582
204 6.46582
200 6.46582
205 6.46582
202 6.46582
203 6.46582
209 6.46582
201 6.46582
206 6.46582
207 6.46582
208 6.46582
210 6.33513
214 6.33513
212 6.33513
215 6.33513
213 6.33513
219 6.33513
211 6.33513
216 6.33513
218 6.33513
217 6.33513
224 6.33513
220 6.33513
225 6.33513
223 6.33513
222 6.33513
229 6.33513
221 6.33513
228 6.33513
226 6.33513
227 6.33513
234 6.33513
230 6.33513
235 6.33513
232 6.33513
233 6.33513
239 6.33513
238 6.33513
231 6.33513
236 6.33513
237 6.33513
244 6.33513
240 6.33513
242 6.33513
245 6.33513
243 6.33513
249 6.33513
248 6.33513
241 6.33513
246 6.33513
247 6.33513
250 6.33513
254 6.33513
252 6.33513
255 6.33513
253 6.33513
259 6.33513
258 6.33513
251 6.33513
256 6.33513
257 6.33513
260 5.88573
264 5.88573
262 5.88573
263 5.88573
265 5.88573
269 5.88573
268 5.88573
266 5.88573
261 5.88573
267 5.88573
270 5.88573
272 5.88573
274 5.88573
273 5.88573
275 5.88573
279 5.88573
278 5.88573
276 5.88573
271 5.88573
277 5.88573
280 5.88573
282 5.88573
284 5.88573
285 5.88573
283 5.88573
289 5.88573
288 5.88573
286 5.88573
281 5.88573
287 5.88573
290 5.88573
292 5.88573
294 5.88573
295 5.88573
293 5.88573
299 5.88573
298 5.88573
296 5.88573
297 5.88573
291 5.88573
300 5.88573
302 5.88573
304 5.88573
305 5.88573
303 5.88573
309 5.88573
308 5.88573
306 5.88573
307 5.88573
301 5.88573
310 5.88573
312 5.88573
314 5.88573
315 5.88573
313 5.88573
319 5.88573
318 5.88573
316 5.88573
317 5.88573
311 5.88573
320 5.88573
322 5.88573
324 5.88573
325 5.88573
329 5.88573
323 5.88573
328 5.88573
326 5.88573
327 5.88573
321 5.88573
330 5.82512
332 5.82512
334 5.82512
335 5.82512
333 5.82512
339 5.82512
338 5.82512
336 5.82512
337 5.82512
331 5.82512
342 5.82512
340 5.82512
345 5.82512
344 5.82512
343 5.82512
348 5.82512
349 5.82512
346 5.82512
347 5.82512
341 5.82512
352 5.82512
350 5.82512
354 5.82512
355 5.82512
353 5.82512
358 5.82512
359 5.82512
356 5.82512
357 5.82512
351 5.82512
362 5.82512
360 5.82512
364 5.82512
365 5.82512
363 5.82512
368 5.82512
366 5.82512
369 5.82512
367 5.82512
361 5.82512
372 5.82512
370 5.82512
374 5.82512
375 5.82512
378 5.82512
373 5.82512
379 5.82512
376 5.82512
377 5.82512
371 5.82512
382 5.82512
380 5.82512
384 5.82512
385 5.82512
388 5.82512
383 5.82512
389 5.82512
386 5.82512
387 5.82512
381 5.82512
392 5.82512
390 5.82512
394 5.82512
395 5.82512
398 5.82512
393 5.82512
399 5.82512
396 5.82512
397 5.82512
391 5.82512
402 5.82512
400 5.82512
404 5.82512
408 5.82512
405 5.82512
403 5.82512
409 5.82512
406 5.82512
407 5.82512
401 5.82512
412 5.63395
410 5.63395
414 5.63395
415 5.63395
413 5.63395
418 5.63395
416 5.63395
419 5.63395
417 5.63395
411 5.63395
422 5.63395
420 5.63395
424 5.63395
425 5.63395
423 5.63395
428 5.63395
429 5.63395
426 5.63395
427 5.63395
421 5.63395
432 5.63395
430 5.63395
434 5.63395
433 5.63395
435 5.63395
438 5.63395
439 5.63395
436 5.63395
437 5.63395
431 5.63395
442 5.63395
440 5.63395
444 5.63395
443 5.63395
445 5.63395
448 5.63395
449 5.63395
446 5.63395
447 5.63395
441 5.63395
452 5.63395
450 5.63395
454 5.63395
453 5.63395
455 5.63395
458 5.63395
459 5.63395
456 5.63395
457 5.63395
451 5.63395
462 5.63395
460 5.63395
464 5.63395
463 5.63395
465 5.63395
468 5.63395
469 5.63395
466 5.63395
461 5.63395
467 5.63395
472 5.63395
470 5.63395
474 5.63395
473 5.63395
475 5.63395
478 5.63395
479 5.63395
476 5.63395
471 5.63395
477 5.63395
482 5.63395
480 5.63395
484 5.63395
483 5.63395
489 5.63395
485 5.63395
488 5.63395
486 5.63395
487 5.63395
481 5.63395
492 5.63395
490 5.63395
493 5.63395
494 5.63395
499 5.63395
495 5.63395
498 5.63395
496 5.63395
497 5.63395
491 5.63395
9 21.7351
6 21.7351
0 21.7351
8 21.7351
2 21.7351
3 21.7351
4 21.7351
7 21.7351
5 21.7351
1 21.7351
16 21.1736
19 21.1736
18 21.1736
17 21.1736
10 21.1736
11 21.1736
14 21.1736
15 21.1736
12 21.1736
13 21.1736
26 20.0211
29 20.0211
20 20.0211
28 20.0211
27 20.0211
24 20.0211
21 20.0211
25 20.0211
22 20.0211
23 20.0211
36 13.6495
39 13.6495
38 13.6495
34 13.6495
32 13.6495
30 13.6495
33 13.6495
35 13.6495
31 13.6495
37 13.6495
42 12.9802
46 12.9802
48 12.9802
49 12.9802
43 12.9802
40 12.9802
44 12.9802
45 12.9802
41 12.9802
47 12.9802
59 10.7395
56 10.7395
52 10.7395
58 10.7395
53 10.7395
50 10.7395
54 10.7395
55 10.7395
51 10.7395
57 10.7395
69 10.7395
62 10.7395
66 10.7395
68 10.7395
63 10.7395
60 10.7395
64 10.7395
65 10.7395
61 10.7395
67 10.7395
76 9.19261
79 9.19261
72 9.19261
78 9.19261
73 9.19261
74 9.19261
70 9.19261
75 9.19261
71 9.19261
77 9.19261
86 6.2876
89 6.2876
88 6.2876
82 6.2876
84 6.2876
83 6.2876
80 6.2876
85 6.2876
81 6.2876
87 6.2876
96 6.2876
99 6.2876
94 6.2876
98 6.2876
92 6.2876
93 6.2876
90 6.2876
95 6.2876
91 6.2876
97 6.2876
109 6.2876
108 6.2876
106 6.2876
102 6.2876
104 6.2876
103 6.2876
100 6.2876
105 6.2876
101 6.2876
107 6.2876
112 6.2876
116 6.2876
118 6.2876
119 6.2876
114 6.2876
110 6.2876
113 6.2876
115 6.2876
111 6.2876
117 6.2876
122 6.2876
128 6.2876
129 6.2876
124 6.2876
126 6.2876
120 6.2876
125 6.2876
123 6.2876
121 6.2876
127 6.2876
132 6.2876
138 6.2876
134 6.2876
136 6.2876
139 6.2876
130 6.2876
135 6.2876
133 6.2876
131 6.2876
137 6.2876
142 5.97673
148 5.97673
144 5.97673
140 5.97673
149 5.97673
146 5.97673
145 5.97673
141 5.97673
143 5.97673
147 5.97673
152 5.97673
150 5.97673
158 5.97673
159 5.97673
154 5.97673
156 5.97673
155 5.97673
151 5.97673
153 5.97673
157 5.97673
162 5.55272
160 5.55272
168 5.55272
169 5.55272
164 5.55272
166 5.55272
165 5.55272
161 5.55272
163 5.55272
167 5.55272
172 5.55272
178 5.55272
170 5.55272
179 5.55272
174 5.55272
176 5.55272
175 5.55272
171 5.55272
173 5.55272
177 5.55272
182 5.28096
180 5.28096
188 5.28096
189 5.28096
184 5.28096
186 5.28096
185 5.28096
181 5.28096
183 5.28096
187 5.28096
192 5.28096
190 5.28096
198 5.28096
199 5.28096
194 5.28096
196 5.28096
195 5.28096
191 5.28096
193 5.28096
197 5.28096
202 5.28096
208 5.28096
200 5.28096
209 5.28096
204 5.28096
205 5.28096
206 5.28096
201 5.28096
203 5.28096
207 5.28096
212 5.28096
218 5.28096
210 5.28096
219 5.28096
214 5.28096
215 5.28096
216 5.28096
211 5.28096
213 5.28096
217 5.28096
222 5.28096
228 5.28096
229 5.28096
220 5.28096
224 5.28096
225 5.28096
226 5.28096
221 5.28096
223 5.28096
227 5.28096
232 5.28096
238 5.28096
239 5.28096
230 5.28096
234 5.28096
235 5.28096
236 5.28096
231 5.28096
233 5.28096
237 5.28096
242 5.28096
248 5.28096
240 5.28096
249 5.28096
244 5.28096
245 5.28096
246 5.28096
241 5.28096
243 5.28096
247 5.28096
252 5.28096
258 5.28096
250 5.28096
259 5.28096
254 5.28096
255 5.28096
251 5.28096
256 5.28096
253 5.28096
257 5.28096
262 5.28096
268 5.28096
260 5.28096
269 5.28096
264 5.28096
265 5.28096
261 5.28096
266 5.28096
263 5.28096
267 5.28096
272 5.28096
278 5.28096
270 5.28096
279 5.28096
274 5.28096
275 5.28096
271 5.28096
276 5.28096
273 5.28096
277 5.28096
282 5.28096
288 5.28096
280 5.28096
289 5.28096
284 5.28096
285 5.28096
281 5.28096
286 5.28096
283 5.28096
287 5.28096
292 5.28096
298 5.28096
290 5.28096
294 5.28096
299 5.28096
291 5.28096
295 5.28096
296 5.28096
293 5.28096
297 5.28096
302 5.28096
308 5.28096
300 5.28096
309 5.28096
304 5.28096
301 5.28096
305 5.28096
306 5.28096
303 5.28096
307 5.28096
312 5.28096
318 5.28096
310 5.28096
314 5.28096
319 5.28096
315 5.28096
311 5.28096
316 5.28096
313 5.28096
317 5.28096
322 5.28096
328 5.28096
324 5.28096
320 5.28096
329 5.28096
325 5.28096
321 5.28096
326 5.28096
323 5.28096
327 5.28096
332 5.28096
338 5.28096
330 5.28096
334 5.28096
339 5.28096
335 5.28096
331 5.28096
336 5.28096
333 5.28096
337 5.28096
342 5.28096
348 5.28096
340 5.28096
344 5.28096
349 5.28096
345 5.28096
341 5.28096
346 5.28096
343 5.28096
347 5.28096
352 5.28096
358 5.28096
350 5.28096
354 5.28096
359 5.28096
355 5.28096
351 5.28096
356 5.28096
353 5.28096
357 5.28096
362 5.25614
368 5.25614
360 5.25614
364 5.25614
369 5.25614
365 5.25614
361 5.25614
366 5.25614
363 5.25614
367 5.25614
372 5.25614
378 5.25614
370 5.25614
374 5.25614
379 5.25614
375 5.25614
371 5.25614
376 5.25614
373 5.25614
377 5.25614
382 5.25614
388 5.25614
380 5.25614
384 5.25614
389 5.25614
385 5.25614
381 5.25614
386 5.25614
383 5.25614
387 5.25614
392 5.25614
398 5.25614
390 5.25614
394 5.25614
399 5.25614
395 5.25614
391 5.25614
396 5.25614
393 5.25614
397 5.25614
402 5.25614
408 5.25614
404 5.25614
400 5.25614
409 5.25614
405 5.25614
401 5.25614
406 5.25614
403 5.25614
407 5.25614
412 5.25614
418 5.25614
414 5.25614
410 5.25614
419 5.25614
415 5.25614
411 5.25614
416 5.25614
413 5.25614
417 5.25614
422 5.25614
424 5.25614
428 5.25614
420 5.25614
429 5.25614
425 5.25614
421 5.25614
426 5.25614
423 5.25614
427 5.25614
432 5.25614
434 5.25614
430 5.25614
438 5.25614
439 5.25614
435 5.25614
431 5.25614
436 5.25614
433 5.25614
437 5.25614
442 5.25614
444 5.25614
440 5.25614
448 5.25614
449 5.25614
445 5.25614
441 5.25614
446 5.25614
443 5.25614
447 5.25614
452 5.25614
454 5.25614
450 5.25614
458 5.25614
459 5.25614
455 5.25614
451 5.25614
456 5.25614
457 5.25614
453 5.25614
462 5.25614
464 5.25614
460 5.25614
468 5.25614
469 5.25614
465 5.25614
461 5.25614
466 5.25614
467 5.25614
463 5.25614
472 5.25614
474 5.25614
470 5.25614
478 5.25614
479 5.25614
475 5.25614
471 5.25614
476 5.25614
477 5.25614
473 5.25614
482 5.25614
480 5.25614
484 5.25614
488 5.25614
489 5.25614
485 5.25614
481 5.25614
486 5.25614
487 5.25614
483 5.25614
492 5.25614
494 5.25614
498 5.25614
490 5.25614
499 5.25614
495 5.25614
491 5.25614
496 5.25614
497 5.25614
493 5.25614
2 18.7146
1 18.7146
6 18.7146
9 18.7146
5 18.7146
4 18.7146
3 18.7146
0 18.7146
7 18.7146
8 18.7146
12 15.7477
15 15.7477
16 15.7477
11 15.7477
10 15.7477
14 15.7477
19 15.7477
13 15.7477
18 15.7477
17 15.7477
22 12.932
25 12.932
21 12.932
20 12.932
26 12.932
24 12.932
23 12.932
28 12.932
29 12.932
27 12.932
32 10.7983
34 10.7983
35 10.7983
30 10.7983
31 10.7983
33 10.7983
39 10.7983
37 10.7983
38 10.7983
36 10.7983
42 10.0581
45 10.0581
44 10.0581
40 10.0581
41 10.0581
49 10.0581
48 10.0581
47 10.0581
43 10.0581
46 10.0581
52 8.34277
55 8.34277
54 8.34277
51 8.34277
50 8.34277
59 8.34277
58 8.34277
57 8.34277
53 8.34277
56 8.34277
62 8.34277
65 8.34277
64 8.34277
61 8.34277
60 8.34277
67 8.34277
69 8.34277
68 8.34277
63 8.34277
66 8.34277
72 8.34277
75 8.34277
74 8.34277
71 8.34277
78 8.34277
77 8.34277
70 8.34277
79 8.34277
73 8.34277
76 8.34277
82 8.34277
85 8.34277
88 8.34277
89 8.34277
81 8.34277
84 8.34277
80 8.34277
83 8.34277
87 8.34277
86 8.34277
92 8.29461
95 8.29461
98 8.29461
99 8.29461
94 8.29461
93 8.29461
90 8.29461
91 8.29461
97 8.29461
96 8.29461
102 7.97651
109 7.97651
105 7.97651
108 7.97651
101 7.97651
104 7.97651
103 7.97651
100 7.97651
107 7.97651
106 7.97651
112 7.76732
119 7.76732
114 7.76732
118 7.76732
115 7.76732
113 7.76732
111 7.76732
110 7.76732
117 7.76732
116 7.76732
122 7.76732
124 7.76732
129 7.76732
128 7.76732
125 7.76732
121 7.76732
120 7.76732
123 7.76732
127 7.76732
126 7.76732
132 7.76732
134 7.76732
139 7.76732
138 7.76732
131 7.76732
130 7.76732
135 7.76732
137 7.76732
133 7.76732
136 7.76732
144 7.76732
142 7.76732
148 7.76732
149 7.76732
140 7.76732
145 7.76732
147 7.76732
141 7.76732
143 7.76732
146 7.76732
154 7.76732
152 7.76732
158 7.76732
150 7.76732
159 7.76732
151 7.76732
157 7.76732
153 7.76732
155 7.76732
156 7.76732
164 7.69707
162 7.69707
168 7.69707
169 7.69707
160 7.69707
163 7.69707
167 7.69707
161 7.69707
165 7.69707
166 7.69707
174 7.69707
172 7.69707
178 7.69707
179 7.69707
173 7.69707
170 7.69707
171 7.69707
177 7.69707
175 7.69707
176 7.69707
184 7.5299
182 7.5299
189 7.5299
188 7.5299
183 7.5299
181 7.5299
180 7.5299
187 7.5299
185 7.5299
186 7.5299
194 7.5299
192 7.5299
199 7.5299
198 7.5299
191 7.5299
190 7.5299
197 7.5299
193 7.5299
196 7.5299
195 7.5299
202 7.32293
204 7.32293
209 7.32293
208 7.32293
200 7.32293
203 7.32293
201 7.32293
207 7.32293
206 7.32293
205 7.32293
214 7.32293
212 7.32293
219 7.32293
218 7.32293
213 7.32293
210 7.32293
211 7.32293
217 7.32293
216 7.32293
215 7.32293
224 7.32293
222 7.32293
229 7.32293
228 7.32293
223 7.32293
220 7.32293
221 7.32293
227 7.32293
226 7.32293
225 7.32293
234 7.32293
232 7.32293
239 7.32293
238 7.32293
233 7.32293
230 7.32293
231 7.32293
237 7.32293
236 7.32293
235 7.32293
244 7.28301
242 7.28301
248 7.28301
249 7.28301
240 7.28301
243 7.28301
247 7.28301
241 7.28301
245 7.28301
246 7.28301
254 7.12438
252 7.12438
258 7.12438
259 7.12438
250 7.12438
253 7.12438
257 7.12438
255 7.12438
251 7.12438
256 7.12438
264 7.12438
262 7.12438
268 7.12438
269 7.12438
260 7.12438
263 7.12438
267 7.12438
261 7.12438
265 7.12438
266 7.12438
274 7.12438
272 7.12438
278 7.12438
279 7.12438
270 7.12438
273 7.12438
271 7.12438
277 7.12438
275 7.12438
276 7.12438
284 6.91331
282 6.91331
288 6.91331
289 6.91331
283 6.91331
280 6.91331
281 6.91331
287 6.91331
286 6.91331
285 6.91331
294 6.87062
292 6.87062
298 6.87062
299 6.87062
293 6.87062
290 6.87062
291 6.87062
297 6.87062
295 6.87062
296 6.87062
304 6.87062
302 6.87062
308 6.87062
309 6.87062
300 6.87062
303 6.87062
301 6.87062
307 6.87062
306 6.87062
305 6.87062
314 6.87062
312 6.87062
318 6.87062
319 6.87062
310 6.87062
313 6.87062
311 6.87062
317 6.87062
316 6.87062
315 6.87062
324 6.87062
322 6.87062
328 6.87062
329 6.87062
320 6.87062
323 6.87062
321 6.87062
327 6.87062
325 6.87062
326 6.87062
334 6.87062
332 6.87062
338 6.87062
339 6.87062
330 6.87062
333 6.87062
337 6.87062
331 6.87062
336 6.87062
335 6.87062
344 6.87062
342 6.87062
348 6.87062
349 6.87062
340 6.87062
343 6.87062
341 6.87062
346 6.87062
347 6.87062
345 6.87062
354 6.87062
352 6.87062
358 6.87062
350 6.87062
359 6.87062
353 6.87062
351 6.87062
357 6.87062
355 6.87062
356 6.87062
364 6.65672
362 6.65672
368 6.65672
360 6.65672
369 6.65672
363 6.65672
361 6.65672
367 6.65672
365 6.65672
366 6.65672
374 6.65672
372 6.65672
378 6.65672
370 6.65672
379 6.65672
373 6.65672
377 6.65672
371 6.65672
376 6.65672
375 6.65672
384 6.65672
382 6.65672
388 6.65672
380 6.65672
389 6.65672
383 6.65672
381 6.65672
387 6.65672
386 6.65672
385 6.65672
394 6.65672
392 6.65672
398 6.65672
390 6.65672
399 6.65672
393 6.65672
391 6.65672
396 6.65672
397 6.65672
395 6.65672
404 6.65672
402 6.65672
408 6.65672
409 6.65672
400 6.65672
403 6.65672
406 6.65672
407 6.65672
401 6.65672
405 6.65672
414 6.65672
412 6.65672
418 6.65672
419 6.65672
410 6.65672
413 6.65672
416 6.65672
417 6.65672
415 6.65672
411 6.65672
422 6.65672
424 6.65672
428 6.65672
420 6.65672
429 6.65672
423 6.65672
426 6.65672
427 6.65672
425 6.65672
421 6.65672
434 6.65672
432 6.65672
430 6.65672
438 6.65672
439 6.65672
433 6.65672
436 6.65672
437 6.65672
435 6.65672
431 6.65672
444 6.65672
442 6.65672
440 6.65672
448 6.65672
449 6.65672
443 6.65672
447 6.65672
446 6.65672
445 6.65672
441 6.65672
454 6.65672
452 6.65672
450 6.65672
458 6.65672
459 6.65672
457 6.53103
453 6.53103
456 6.53103
455 6.53103
451 6.53103
464 6.53103
462 6.53103
460 6.53103
468 6.53103
469 6.53103
467 6.53103
463 6.53103
466 6.53103
465 6.53103
461 6.53103
474 6.53103
472 6.53103
470 6.53103
478 6.53103
479 6.53103
477 6.53103
473 6.53103
476 6.53103
475 6.53103
471 6.53103
484 6.53103
482 6.53103
480 6.53103
488 6.53103
489 6.53103
483 6.53103
487 6.53103
486 6.53103
485 6.53103
481 6.53103
494 6.53103
492 6.53103
490 6.53103
498 6.53103
493 6.53103
499 6.53103
497 6.53103
496 6.53103
495 6.53103
491 6.53103
