0.160747 0.2
0.131097 0.2
0.333073 0.2
7.87314e-08 0.2
1.60537e+08 0.2
0.000326779 0.2
6.77351e-20 0.2
3000 0.2
0 0.2
2.03247e-12 0.2
3.0721e-07 0.2
6.00062e-07 0.2
0.5583 0.2
2.47662e+06 0.2
2.12174e+09 0.5
-3.11733e-05 0.5
-5.602e-07 0.5
4425.45 0.5
-1164.4 0.5
13825.3 0.5
-1.76766e+06 0.5
-1.09927e-07 0.5
-5.20782 0.5
-1.87708e-08 0.5
-583.714 0.5
798.303 0.5
162.795 0.5
-297.028 0.5
1.1843 0.5
44.1743 0.5
76.9806 0.5
0.00231815 0.5
4.01109e-07 0.5
3.02187e+12 0.5
4.90661e+11 0.5
-828.898 0.5
-137.441 0.5