0.3502 0.002 2.63e-10 4.08288e-17
0.3504 0.002 1.41e-10 4.2495e-17
0.3506 0.002 2.98e-10 4.42293e-17
0.3508 0.002 3.73e-10 4.60343e-17
0.351 0.002 2.53e-10 4.7913e-17
0.3512 0.002 2.17e-10 4.98684e-17
0.3514 0.002 4.78e-10 5.19035e-17
0.3516 0.002 2.69e-10 5.40218e-17
0.3518 0.002 2.44e-10 5.62264e-17
0.352 0.002 4.34e-10 5.85211e-17
0.3522 0.002 4.21e-11 6.09094e-17
0.3524 0.002 4.48e-10 6.33951e-17
0.3526 0.002 1.38e-10 6.59823e-17
0.3528 0.002 5.4e-10 6.86751e-17
0.353 0.002 1.86e-10 7.14778e-17
0.3532 0.002 4.39e-11 7.43949e-17
0.3534 0.002 3.49e-10 7.7431e-17
0.3536 0.002 2.67e-10 8.0591e-17
0.3538 0.002 4.67e-10 8.388e-17
0.354 0.002 1.7e-10 8.73032e-17
0.3542 0.002 7.01e-11 9.08661e-17
0.3544 0.002 5.11e-11 9.45744e-17
0.3546 0.002 9.23e-11 9.84341e-17
0.3548 0.002 2.31e-11 1.02451e-16
0.355 0.002 2.96e-10 1.06632e-16
0.3552 0.002 3.11e-11 1.10984e-16
0.3554 0.002 2.29e-10 1.15513e-16
0.3556 0.002 4.96e-10 1.20228e-16
0.3558 0.002 2.08e-10 1.25134e-16
0.356 0.002 8.36e-11 1.30241e-16
0.3562 0.002 1.45e-10 1.35556e-16
0.3564 0.002 2.14e-10 1.41088e-16
0.3566 0.002 1.35e-10 1.46846e-16
0.3568 0.002 2.62e-10 1.52839e-16
0.357 0.002 5.23e-10 1.59077e-16
0.3572 0.002 1.9e-10 1.65569e-16
0.3574 0.002 2.42e-10 1.72326e-16
0.3576 0.002 3.07e-10 1.79359e-16
0.3578 0.002 6.77e-10 1.86678e-16
0.358 0.002 1.99e-10 1.94297e-16
0.3582 0.002 4.3e-11 2.02226e-16
0.3584 0.002 3.58e-11 2.10479e-16
0.3586 0.002 2.22e-10 2.19069e-16
0.3588 0.002 2.09e-10 2.28009e-16
0.359 0.002 1e-10 2.37315e-16
0.3592 0.002 5.56e-10 2.47e-16
0.3594 0.002 2.48e-10 2.5708e-16
0.3596 0.002 1.15e-11 2.67571e-16
0.3598 0.002 2.74e-10 2.78491e-16
0.36 0.002 2.12e-10 2.89857e-16
0.3602 0.002 2.75e-10 3.01686e-16
0.3604 0.002 3.4e-10 3.13998e-16
0.3606 0.002 2.83e-10 3.26813e-16
0.3608 0.002 1.75e-10 3.4015e-16
0.361 0.002 1.05e-10 3.54032e-16
0.3612 0.002 3.75e-10 3.6848e-16
0.3616 0.002 3.63e-10 3.9917e-16
0.3618 0.002 1.49e-10 4.1546e-16
0.362 0.002 5.83e-10 4.32415e-16
0.3622 0.002 2.99e-11 4.50063e-16
0.3624 0.002 8.25e-11 4.6843e-16
0.3626 0.002 1.09e-10 4.87547e-16
0.3628 0.002 2.43e-10 5.07444e-16
0.363 0.002 2.44e-10 5.28153e-16
0.3632 0.002 5.58e-11 5.49708e-16
0.3634 0.002 2.99e-10 5.72142e-16
0.3636 0.002 2.88e-10 5.95491e-16
0.3638 0.002 2.22e-10 6.19794e-16
0.364 0.002 2.07e-10 6.45088e-16
0.3642 0.002 2.97e-10 6.71414e-16
0.3644 0.002 4.71e-11 6.98815e-16
0.3646 0.002 5.58e-11 7.27335e-16
0.3648 0.002 2.65e-11 7.57018e-16
0.365 0.002 1.25e-10 7.87912e-16
0.3652 0.002 4.91e-11 8.20067e-16
0.3654 0.002 9.58e-11 8.53535e-16
0.3656 0.002 1.01e-10 8.88368e-16
0.3658 0.002 1.72e-10 9.24623e-16
0.366 0.002 2.77e-10 9.62358e-16
0.3662 0.002 5.5e-11 1.00163e-15
0.3664 0.002 3.34e-10 1.04251e-15
0.3666 0.002 1.16e-10 1.08506e-15
0.3668 0.002 1.57e-10 1.12934e-15
0.367 0.002 4.51e-11 1.17543e-15
0.3672 0.002 2.44e-10 1.2234e-15
0.3674 0.002 2.44e-10 1.27332e-15
0.3676 0.002 3.22e-10 1.32529e-15
0.3678 0.002 5.71e-10 1.37938e-15
0.368 0.002 1.77e-10 1.43567e-15
0.3682 0.002 5.34e-10 1.49426e-15
0.3684 0.002 1.67e-10 1.55524e-15
0.3686 0.002 1.88e-10 1.61871e-15
0.3688 0.002 2.27e-10 1.68477e-15
0.369 0.002 1.45e-10 1.75353e-15
0.3692 0.002 4.48e-10 1.82509e-15
0.3694 0.002 3.94e-10 1.89958e-15
0.3696 0.002 2.47e-10 1.9771e-15
0.3698 0.002 3.24e-10 2.05779e-15
0.37 0.002 2.56e-10 2.14177e-15
0.3702 0.002 1.98e-10 2.22917e-15
0.3704 0.002 9.72e-11 2.32015e-15
0.3706 0.002 5.1e-11 2.41483e-15
0.3708 0.002 1e-10 2.51338e-15
0.371 0.002 2.45e-10 2.61596e-15
0.3714 0.002 5.33e-10 2.83383e-15
0.3716 0.002 8.49e-11 2.94948e-15
0.3718 0.002 8.13e-11 3.06985e-15
0.372 0.002 5.31e-10 3.19514e-15
0.3722 0.002 8.12e-11 3.32553e-15
0.3724 0.002 2.87e-10 3.46125e-15
0.3726 0.002 1.04e-10 3.60251e-15
0.3728 0.002 1.51e-10 3.74953e-15
0.373 0.002 1.25e-10 3.90255e-15
0.3732 0.002 3.35e-11 4.06181e-15
0.3734 0.002 2.12e-10 4.22758e-15
0.3736 0.002 1.82e-10 4.40011e-15
0.3738 0.002 2.6e-10 4.57968e-15
0.374 0.002 3.14e-10 4.76658e-15
0.3742 0.002 3.47e-10 4.96111e-15
0.3744 0.002 1.86e-10 5.16357e-15
0.3746 0.002 2.01e-10 5.3743e-15
0.3748 0.002 2.31e-10 5.59363e-15
0.375 0.002 3.54e-10 5.82191e-15
0.3752 0.002 3.26e-11 6.05951e-15
0.3754 0.002 1.68e-10 6.3068e-15
0.3756 0.002 1.13e-10 6.56418e-15
0.3758 0.002 2.57e-10 6.83207e-15
0.376 0.002 1.03e-10 7.11089e-15
0.3762 0.002 2.59e-10 7.40109e-15
0.3764 0.002 2.24e-10 7.70314e-15
0.3766 0.002 1.31e-10 8.01751e-15
0.3768 0.002 7.71e-11 8.34471e-15
0.377 0.002 6.12e-11 8.68526e-15
0.3772 0.002 5.32e-10 9.03971e-15
0.3774 0.002 5.43e-11 9.40863e-15
0.3776 0.002 1.46e-10 9.7926e-15
0.3778 0.002 6.6e-10 1.01922e-14
0.378 0.002 2.13e-10 1.06082e-14
0.3782 0.002 6.46e-10 1.10411e-14
0.3784 0.002 2.27e-10 1.14917e-14
0.3786 0.002 5.34e-10 1.19607e-14
0.3788 0.002 1.82e-10 1.24488e-14
0.379 0.002 7.65e-11 1.29569e-14
0.3792 0.002 7.95e-11 1.34856e-14
0.3794 0.002 3.25e-10 1.4036e-14
0.3796 0.002 4.23e-10 1.46088e-14
0.3798 0.002 3.58e-10 1.5205e-14
0.38 0.002 6.67e-10 1.58255e-14
0.3802 0.002 2.73e-10 1.64714e-14
0.3804 0.002 1.95e-10 1.71436e-14
0.3806 0.002 4.43e-10 1.78432e-14
0.3808 0.002 3.8e-11 1.85714e-14
0.381 0.002 2.78e-10 1.93293e-14
0.3812 0.002 6.28e-11 2.01181e-14
0.3814 0.002 1.52e-10 2.09392e-14
0.3816 0.002 4.59e-10 2.17937e-14
0.3818 0.002 2.96e-10 2.26831e-14
0.382 0.002 2.26e-10 2.36088e-14
0.3822 0.002 2.67e-11 2.45723e-14
0.3824 0.002 5.9e-11 2.55751e-14
0.3826 0.002 3.7e-10 2.66188e-14
0.3828 0.002 4.94e-10 2.77051e-14
0.383 0.002 9.82e-11 2.88358e-14
0.3834 0.002 1.16e-10 3.12374e-14
0.3836 0.002 5.31e-11 3.25122e-14
0.3838 0.002 3.45e-10 3.3839e-14
0.384 0.002 8.16e-11 3.522e-14
0.3842 0.002 4.16e-11 3.66573e-14
0.3844 0.002 9.05e-11 3.81533e-14
0.3846 0.002 4.4e-10 3.97103e-14
0.3848 0.002 7.15e-11 4.13309e-14
0.385 0.002 3.24e-10 4.30176e-14
0.3852 0.002 3.02e-10 4.47732e-14
0.3854 0.002 5.51e-11 4.66003e-14
0.3856 0.002 3.48e-10 4.85021e-14
0.3858 0.002 7.22e-10 5.04814e-14
0.386 0.002 2.69e-10 5.25416e-14
0.3862 0.002 2.28e-10 5.46858e-14
0.3864 0.002 3.17e-10 5.69175e-14
0.3866 0.002 1.02e-10 5.92403e-14
0.387 0.002 2.05e-11 6.4174e-14
0.3872 0.002 3.04e-10 6.67929e-14
0.3874 0.002 2.07e-10 6.95187e-14
0.3876 0.002 4.37e-10 7.23557e-14
0.3878 0.002 2.85e-10 7.53085e-14
0.388 0.002 3.68e-10 7.83818e-14
0.3882 0.002 2.71e-10 8.15805e-14
0.3884 0.002 4.85e-10 8.49097e-14
0.3886 0.002 2.62e-10 8.83748e-14
0.3888 0.002 7.75e-11 9.19812e-14
0.389 0.002 1.02e-10 9.57349e-14
0.3892 0.002 9.75e-11 9.96417e-14
0.3894 0.002 3.05e-10 1.03708e-13
0.3896 0.002 2.24e-10 1.0794e-13
0.3898 0.002 2.87e-11 1.12345e-13
0.39 0.002 3.8e-10 1.1693e-13
0.3902 0.002 3.12e-10 1.21701e-13
0.3904 0.002 2.68e-10 1.26668e-13
0.3906 0.002 2.46e-10 1.31837e-13
0.3908 0.002 5.74e-10 1.37217e-13
0.391 0.002 2.19e-10 1.42816e-13
0.3912 0.002 4.3e-10 1.48644e-13
0.3914 0.002 5.09e-11 1.5471e-13
0.3916 0.002 3.76e-10 1.61023e-13
0.3918 0.002 3.32e-10 1.67594e-13
0.392 0.002 3.66e-10 1.74433e-13
0.3922 0.002 3.67e-10 1.81551e-13
0.3924 0.002 3.17e-10 1.8896e-13
0.3926 0.002 4.99e-10 1.96671e-13
0.3928 0.002 4.06e-10 2.04696e-13
0.393 0.002 3.33e-10 2.13049e-13
0.3932 0.002 9.32e-11 2.21743e-13
0.3934 0.002 4.02e-11 2.30791e-13
0.3936 0.002 9e-11 2.40209e-13
0.3938 0.002 7.58e-11 2.50011e-13
0.394 0.002 5.32e-11 2.60212e-13
0.3942 0.002 2.24e-10 2.7083e-13
0.3944 0.002 9.43e-11 2.81882e-13
0.3946 0.002 1.42e-10 2.93384e-13
0.3948 0.002 4.77e-10 3.05355e-13
0.395 0.002 2.32e-10 3.17815e-13
0.3952 0.002 1.82e-10 3.30783e-13
0.3954 0.002 3.49e-10 3.4428e-13
0.3956 0.002 2.39e-10 3.58328e-13
0.3958 0.002 1.08e-10 3.72949e-13
0.396 0.002 1.27e-10 3.88166e-13
0.3962 0.002 3.55e-10 4.04004e-13
0.3964 0.002 1.31e-10 4.20488e-13
0.3966 0.002 2.24e-10 4.37645e-13
0.3968 0.002 3.16e-10 4.55501e-13
0.397 0.002 2.85e-10 4.74086e-13
0.3972 0.002 6.87e-11 4.93429e-13
0.3974 0.002 2.7e-10 5.13561e-13
0.3976 0.002 2.79e-11 5.34514e-13
0.3978 0.002 2.47e-10 5.56322e-13
0.398 0.002 9.29e-11 5.79019e-13
0.3982 0.002 1.51e-10 6.02642e-13
0.3984 0.002 6.09e-10 6.27228e-13
0.3986 0.002 2.69e-10 6.52818e-13
0.3988 0.002 2.58e-10 6.7945e-13
0.399 0.002 1.47e-10 7.07169e-13
0.3992 0.002 3.19e-10 7.36018e-13
0.3994 0.002 4.35e-11 7.66044e-13
0.3996 0.002 2.71e-10 7.97294e-13
0.3998 0.002 1.04e-11 8.29819e-13
0.4 0.002 4.44e-10 8.63669e-13
0.4002 0.002 3.9e-11 8.989e-13
0.4004 0.002 2.9e-10 9.35567e-13
0.4006 0.002 5.85e-10 9.7373e-13
0.4008 0.002 3.27e-10 1.01345e-12
0.401 0.002 3.03e-10 1.05478e-12
0.4012 0.002 5.67e-10 1.09781e-12
0.4014 0.002 1.54e-10 1.14258e-12
0.4016 0.002 3.64e-10 1.18918e-12
0.402 0.002 4.51e-10 1.28816e-12
0.4022 0.002 6.13e-11 1.3407e-12
0.4024 0.002 3.66e-10 1.39537e-12
0.4026 0.002 1.86e-10 1.45228e-12
0.4028 0.002 2.71e-10 1.5115e-12
0.403 0.002 5.21e-10 1.57314e-12
0.4032 0.002 2.97e-10 1.63728e-12
0.4034 0.002 3.75e-10 1.70404e-12
0.4036 0.002 7.78e-11 1.77352e-12
0.4038 0.002 1.91e-10 1.84584e-12
0.404 0.002 1.97e-10 1.92109e-12
0.4042 0.002 3.45e-10 1.99941e-12
0.4044 0.002 1.28e-10 2.08092e-12
0.4046 0.002 1.43e-10 2.16575e-12
0.4048 0.002 1.79e-10 2.25404e-12
0.405 0.002 3.78e-10 2.34592e-12
0.4052 0.002 3.88e-10 2.44154e-12
0.4054 0.002 8.81e-11 2.54105e-12
0.4056 0.002 2.4e-10 2.64461e-12
0.4058 0.002 2.27e-10 2.75239e-12
0.406 0.002 2.99e-10 2.86455e-12
0.4062 0.002 4.91e-10 2.98127e-12
0.4064 0.002 3.27e-10 3.10275e-12
0.4066 0.002 8.75e-11 3.22917e-12
0.4068 0.002 3.07e-10 3.36072e-12
0.407 0.002 3.84e-10 3.49763e-12
0.4072 0.002 2.07e-10 3.64011e-12
0.4074 0.002 4.58e-10 3.78838e-12
0.4076 0.002 6.26e-11 3.94267e-12
0.4078 0.002 1.59e-11 4.10324e-12
0.408 0.002 1.46e-10 4.27033e-12
0.4082 0.002 1.03e-10 4.44421e-12
0.4084 0.002 1.81e-10 4.62515e-12
0.4086 0.002 2.08e-10 4.81344e-12
0.409 0.002 3.74e-10 5.21327e-12
0.4092 0.002 8.08e-11 5.42543e-12
0.4094 0.002 2.96e-10 5.64621e-12
0.4096 0.002 4.05e-10 5.87595e-12
0.4098 0.002 3.02e-10 6.115e-12
0.41 0.002 1.16e-10 6.36374e-12
0.4102 0.002 1.84e-10 6.62257e-12
0.4104 0.002 1.04e-10 6.89189e-12
0.4106 0.002 6.45e-10 7.17212e-12
0.4108 0.002 2.29e-10 7.46371e-12
0.411 0.002 4.18e-10 7.7671e-12
0.4112 0.002 1.58e-10 8.08277e-12
0.4114 0.002 1.89e-10 8.41121e-12
0.4116 0.002 3.28e-10 8.75295e-12
0.4118 0.002 8.01e-11 9.1085e-12
0.412 0.002 2.05e-10 9.47842e-12
0.4122 0.002 2.27e-10 9.86329e-12
0.4124 0.002 1.41e-10 1.02637e-11
0.4126 0.002 2.52e-10 1.06803e-11
0.4128 0.002 6.7e-10 1.11137e-11
0.413 0.002 1.55e-10 1.15646e-11
0.4132 0.002 2.99e-10 1.20336e-11
0.4134 0.002 5.04e-10 1.25216e-11
0.4136 0.002 1.78e-11 1.30292e-11
0.4138 0.002 2.94e-10 1.35572e-11
0.414 0.002 6.28e-11 1.41065e-11
0.4142 0.002 5.39e-10 1.46779e-11
0.4144 0.002 6.15e-11 1.52722e-11
0.4146 0.002 7.97e-11 1.58904e-11
0.4148 0.002 3.84e-11 1.65334e-11
0.415 0.002 4.79e-10 1.72023e-11
0.4152 0.002 1.73e-10 1.78979e-11
0.4154 0.002 1.82e-10 1.86213e-11
0.4156 0.002 4.66e-10 1.93738e-11
0.4158 0.002 1.9e-10 2.01563e-11
0.416 0.002 2.89e-11 2.097e-11
0.4162 0.002 1.77e-10 2.18163e-11
0.4164 0.002 3.23e-10 2.26963e-11
0.4166 0.002 5.59e-11 2.36114e-11
0.4168 0.002 1.61e-10 2.45629e-11
0.417 0.002 6.36e-10 2.55522e-11
0.4172 0.002 3.52e-10 2.65808e-11
0.4174 0.002 4.06e-10 2.76503e-11
0.4176 0.002 1.88e-10 2.87621e-11
0.4178 0.002 4.24e-10 2.9918e-11
0.418 0.002 1.55e-10 3.11195e-11
0.4182 0.002 1.68e-10 3.23685e-11
0.4184 0.002 1.06e-10 3.36667e-11
0.4186 0.002 2.96e-10 3.50161e-11
0.4188 0.002 1.82e-10 3.64185e-11
0.419 0.002 3.87e-10 3.7876e-11
0.4192 0.002 5.85e-10 3.93906e-11
0.4194 0.002 1.53e-11 4.09645e-11
0.4196 0.002 3.46e-10 4.25999e-11
0.4198 0.002 4.24e-10 4.4299e-11
0.42 0.002 1.48e-10 4.60643e-11
0.4202 0.002 2.22e-10 4.78982e-11
0.4206 0.002 1.27e-10 5.17818e-11
0.4208 0.002 4.76e-10 5.38369e-11
0.421 0.002 2.3e-10 5.59711e-11
0.4212 0.002 2.19e-10 5.81874e-11
0.4214 0.002 4.72e-10 6.04886e-11
0.4216 0.002 2.2e-10 6.28778e-11
0.4218 0.002 1.46e-10 6.53582e-11
0.422 0.002 5.14e-10 6.79328e-11
0.4224 0.002 1.62e-10 7.33784e-11
0.4226 0.002 1.78e-10 7.62563e-11
0.4228 0.002 1.86e-10 7.92422e-11
0.423 0.002 1.31e-11 8.234e-11
0.4232 0.002 3.44e-11 8.55533e-11
0.4236 0.002 1.62e-10 9.23424e-11
0.4238 0.002 2.24e-10 9.59261e-11
0.4242 0.002 2.2e-10 1.03493e-10
0.4244 0.002 3.31e-10 1.07484e-10
0.4246 0.002 9.33e-11 1.1162e-10
0.4248 0.002 2.7e-10 1.15906e-10
0.425 0.002 5.83e-10 1.20345e-10
0.4252 0.002 3.01e-10 1.24942e-10
0.4254 0.002 5.97e-10 1.29703e-10
0.4256 0.002 2.06e-10 1.34632e-10
0.4258 0.002 6.47e-10 1.39734e-10
0.426 0.002 4.4e-11 1.45013e-10
0.4262 0.002 1.38e-10 1.50476e-10
0.4264 0.002 1.55e-10 1.56127e-10
0.4266 0.002 1.95e-10 1.61971e-10
0.4268 0.002 4.63e-10 1.68013e-10
0.427 0.002 4.3e-10 1.74259e-10
0.4272 0.002 6.73e-10 1.80713e-10
0.4274 0.002 2.42e-10 1.87381e-10
0.4276 0.002 1.99e-10 1.94269e-10
0.4278 0.002 1.81e-10 2.01381e-10
0.428 0.002 3.05e-10 2.08722e-10
0.4282 0.002 8.41e-11 2.16298e-10
0.4284 0.002 5.31e-11 2.24113e-10
0.4286 0.002 4e-10 2.32174e-10
0.4288 0.002 1.06e-10 2.40484e-10
0.429 0.002 3.07e-10 2.49048e-10
0.4292 0.002 8.53e-11 2.57872e-10
0.4294 0.002 2.26e-10 2.66959e-10
0.4296 0.002 1.51e-10 2.76314e-10
0.4298 0.002 1.39e-10 2.85942e-10
0.43 0.002 6.94e-11 2.95846e-10
0.4302 0.002 3.98e-10 3.0603e-10
0.4304 0.002 2.74e-10 3.16498e-10
0.4306 0.002 2.93e-10 3.27253e-10
0.4308 0.002 6.87e-10 3.38298e-10
0.431 0.002 3e-10 3.49636e-10
0.4312 0.002 4.9e-10 3.61268e-10
0.4314 0.002 2.08e-10 3.73198e-10
0.4316 0.002 5.84e-10 3.85427e-10
0.4318 0.002 2.36e-10 3.97955e-10
0.432 0.002 2.54e-10 4.10785e-10
0.4322 0.002 3.11e-10 4.23915e-10
0.4324 0.002 2.24e-10 4.37346e-10
0.4326 0.002 3.68e-10 4.51077e-10
0.4328 0.002 3.58e-10 4.65107e-10
0.433 0.002 6.16e-10 4.79435e-10
0.4332 0.002 7.35e-11 4.94058e-10
0.4334 0.002 3.35e-11 5.08973e-10
0.4336 0.002 4.03e-11 5.24176e-10
0.4338 0.002 1.12e-10 5.39665e-10
0.4342 0.002 8.82e-11 5.71476e-10
0.4344 0.002 5.44e-10 5.87789e-10
0.4346 0.002 4.04e-10 6.04363e-10
0.4348 0.002 1.4e-10 6.21192e-10
0.435 0.002 1.74e-10 6.38269e-10
0.4352 0.002 1.84e-10 6.55585e-10
0.4354 0.002 5.4e-10 6.7313e-10
0.4356 0.002 2.15e-10 6.90895e-10
0.4358 0.002 4.3e-10 7.0887e-10
0.436 0.002 2.59e-10 7.27043e-10
0.4362 0.002 5.3e-10 7.45404e-10
0.4364 0.002 4.71e-10 7.63941e-10
0.4366 0.002 1.91e-10 7.8264e-10
0.4368 0.002 2.99e-10 8.01489e-10
0.437 0.002 2.81e-10 8.20474e-10
0.4374 0.002 1.74e-10 8.58798e-10
0.4376 0.002 1.43e-10 8.78108e-10
0.4378 0.002 6.23e-11 8.97497e-10
0.438 0.002 8.7e-11 9.16949e-10
0.4386 0.002 3.07e-10 9.75536e-10
0.4388 0.002 3.06e-10 9.95089e-10
0.439 0.002 2.26e-10 1.01463e-09
0.4394 0.002 1.88e-10 1.0536e-09
0.4396 0.002 2.54e-11 1.07301e-09
0.4398 0.002 1.64e-10 1.09234e-09
0.44 0.002 3.47e-10 1.11157e-09
0.4402 0.002 2.16e-10 1.13071e-09
0.4404 0.002 6.99e-10 1.14972e-09
0.4406 0.002 9.1e-11 1.1686e-09
0.4408 0.002 4.2e-10 1.18734e-09
0.441 0.002 3.93e-10 1.20591e-09
0.4412 0.002 1.35e-10 1.22431e-09
0.4414 0.002 2.37e-10 1.24253e-09
0.4416 0.002 1.21e-10 1.26055e-09
0.4418 0.002 3.59e-10 1.27836e-09
0.442 0.002 3.78e-11 1.29596e-09
0.4422 0.002 3.53e-10 1.31333e-09
0.4424 0.002 1.03e-10 1.33046e-09
0.4426 0.002 3.27e-10 1.34735e-09
0.4428 0.002 3.5e-10 1.36398e-09
0.443 0.002 3.04e-10 1.38035e-09
0.4432 0.002 2.54e-10 1.39646e-09
0.4434 0.002 1.8e-11 1.41229e-09
0.4436 0.002 2.99e-11 1.42784e-09
0.4438 0.002 9.99e-11 1.44311e-09
0.444 0.002 9.61e-11 1.45809e-09
0.4442 0.002 8.18e-11 1.47278e-09
0.4444 0.002 1.72e-10 1.48717e-09
0.4446 0.002 7.48e-11 1.50127e-09
0.445 0.002 3.54e-10 1.52857e-09
0.4452 0.002 6.18e-11 1.54176e-09
0.4454 0.002 1.41e-10 1.55466e-09
0.4456 0.002 4.17e-10 1.56726e-09
0.4458 0.002 1.87e-11 1.57955e-09
0.446 0.002 1.64e-10 1.59155e-09
0.4462 0.002 3.89e-10 1.60325e-09
0.4464 0.002 2.04e-10 1.61466e-09
0.4466 0.002 2.38e-10 1.62577e-09
0.4468 0.002 5.1e-10 1.63659e-09
0.447 0.002 1.4e-10 1.64712e-09
0.4472 0.002 2e-10 1.65737e-09
0.4474 0.002 8.49e-11 1.66733e-09
0.4476 0.002 1.42e-10 1.67702e-09
0.4478 0.002 9.75e-11 1.68644e-09
0.448 0.002 2.06e-10 1.69559e-09
0.4482 0.002 1.51e-10 1.70447e-09
0.4484 0.002 3.7e-10 1.71309e-09
0.4486 0.002 4.66e-10 1.32243e-09
0.4488 0.002 3.88e-10 1.53183e-09
0.449 0.002 3.14e-10 1.7455e-09
0.4492 0.002 2.62e-10 1.9576e-09
0.4494 0.002 3.39e-10 2.16263e-09
0.4496 0.002 3.54e-10 2.35595e-09
0.4498 0.002 1.52e-10 2.534e-09
0.45 0.002 1.03e-10 2.69444e-09
0.4502 0.002 1.54e-10 2.83604e-09
0.4504 0.002 7.1e-10 2.95846e-09
0.4506 0.002 2.37e-10 3.06208e-09
0.4508 0.002 3.58e-10 3.14775e-09
0.451 0.002 2.47e-10 3.2166e-09
0.4512 0.002 2.5e-11 3.2699e-09
0.4514 0.002 3.15e-10 3.30894e-09
0.4516 0.002 6.11e-11 3.335e-09
0.4518 0.002 2.92e-10 3.34927e-09
0.452 0.002 2.41e-10 3.35285e-09
0.4522 0.002 2.58e-10 3.34674e-09
0.4524 0.002 1.27e-10 3.33183e-09
0.4526 0.002 6.16e-10 3.30893e-09
0.4528 0.002 2.66e-10 3.27874e-09
0.453 0.002 3.09e-10 3.24189e-09
0.4532 0.002 1.32e-10 3.19896e-09
0.4534 0.002 1.51e-10 3.15045e-09
0.4536 0.002 1.27e-10 3.09679e-09
0.4538 0.002 1.37e-10 3.0384e-09
0.454 0.002 4.93e-11 2.97564e-09
0.4542 0.002 2.2e-10 2.90883e-09
0.4544 0.002 2.92e-10 2.83826e-09
0.4546 0.002 9.68e-11 2.76421e-09
0.4548 0.002 5.07e-10 2.68692e-09
0.455 0.002 2.55e-10 2.60662e-09
0.4552 0.002 2.71e-10 2.52352e-09
0.4554 0.002 2.12e-10 2.43782e-09
0.4556 0.002 4.48e-10 2.34971e-09
0.4558 0.002 1.77e-10 2.25935e-09
0.456 0.002 1.89e-10 2.16695e-09
0.4562 0.002 6.11e-10 2.07267e-09
0.4564 0.002 1.14e-10 1.9767e-09
0.4566 0.002 2.62e-10 1.87923e-09
0.4568 0.002 1.01e-10 1.78048e-09
0.457 0.002 1.34e-10 1.68068e-09
0.4572 0.002 4.35e-10 1.58009e-09
0.4574 0.002 3.11e-10 1.47901e-09
0.4576 0.002 4.35e-10 1.37778e-09
0.4578 0.002 1.75e-10 1.2768e-09
0.458 0.002 2.8e-10 1.17651e-09
0.4582 0.002 3e-10 1.07743e-09
0.4584 0.002 2.43e-10 9.80119e-10
0.4586 0.002 1.32e-10 8.85192e-10
0.4588 0.002 1.74e-10 7.93306e-10
0.459 0.002 1.07e-10 7.05134e-10
0.4592 0.002 4.68e-10 6.21338e-10
0.4594 0.002 2.34e-10 5.42541e-10
0.4596 0.002 7.72e-11 4.69291e-10
0.4598 0.002 2.51e-10 4.02023e-10
0.46 0.002 2.72e-10 3.41035e-10
0.4602 0.002 3.93e-10 2.86468e-10
0.4604 0.002 2.51e-10 2.38299e-10
0.4606 0.002 1.37e-10 1.96348e-10
0.4608 0.002 4.2e-11 1.60296e-10
0.461 0.002 3.42e-10 1.29713e-10
0.4612 0.002 3.71e-10 1.04093e-10
0.4614 0.002 3.2e-10 8.28844e-11
0.4616 0.002 1.23e-10 6.55268e-11
0.4618 0.002 3.63e-10 5.14727e-11
0.462 0.002 2.35e-10 4.02098e-11
0.4622 0.002 1.37e-10 3.12741e-11
0.4624 0.002 1.31e-10 2.42574e-11
0.4626 0.002 3.59e-11 1.88101e-11
0.4628 0.002 1.22e-10 1.46405e-11
0.463 0.002 1.93e-10 1.15119e-11
0.4632 0.002 4.6e-11 9.239e-12
0.4634 0.002 1.18e-10 7.68386e-12
0.4636 0.002 2.21e-10 6.75274e-12
0.4638 0.002 6.29e-11 6.39424e-12
0.464 0.002 2.84e-10 6.59912e-12
0.4642 0.002 1.4e-10 7.40243e-12
0.4644 0.002 3.74e-10 8.88824e-12
0.4646 0.002 3.84e-10 1.11975e-11
0.4648 0.002 1.35e-10 1.45397e-11
0.465 0.002 2.29e-10 1.92084e-11
0.4652 0.002 1.52e-10 2.56019e-11
0.4654 0.002 1.01e-10 3.42486e-11
0.4656 0.002 3.12e-10 4.58375e-11
0.4658 0.002 2.54e-10 6.12521e-11
0.466 0.002 4.73e-11 8.16066e-11
0.4662 0.002 7.38e-11 1.08278e-10
0.4664 0.002 2.66e-10 1.42929e-10
0.4666 0.002 5.85e-10 1.87507e-10
0.4668 0.002 6.77e-10 2.44205e-10
0.467 0.002 7.9e-10 3.1537e-10
0.4672 0.002 1.25e-09 4.03337e-10
0.4674 0.002 1.03e-09 5.10175e-10
0.4676 0.002 1.62e-09 6.37371e-10
0.4678 0.002 1.98e-09 7.8547e-10
0.468 0.002 1.92e-09 9.53751e-10
0.4682 0.002 2.44e-09 1.14002e-09
0.4684 0.002 3.09e-09 1.34061e-09
0.4686 0.002 3.62e-09 1.55062e-09
0.4688 0.002 3.17e-09 1.76438e-09
0.469 0.002 3.64e-09 1.97607e-09
0.4692 0.002 3.83e-09 2.18024e-09
0.4694 0.002 4.78e-09 2.37233e-09
0.4696 0.002 3.84e-09 2.54891e-09
0.4698 0.002 3.86e-09 2.70772e-09
0.47 0.002 3.83e-09 2.84762e-09
0.4702 0.002 3.92e-09 2.96836e-09
0.4704 0.002 4.31e-09 3.07036e-09
0.4706 0.002 3.98e-09 3.15449e-09
0.4708 0.002 4.34e-09 3.22192e-09
0.471 0.002 3.96e-09 3.2739e-09
0.4712 0.002 4.41e-09 3.31175e-09
0.4714 0.002 3.96e-09 3.33672e-09
0.4716 0.002 3.87e-09 3.35e-09
0.4718 0.002 4.4e-09 3.35269e-09
0.472 0.002 4.3e-09 3.34577e-09
0.4722 0.002 3.76e-09 3.33012e-09
0.4724 0.002 3.4e-09 3.30654e-09
0.4726 0.002 3.27e-09 3.27574e-09
0.4728 0.002 3.19e-09 3.23834e-09
0.473 0.002 3.43e-09 3.1949e-09
0.4732 0.002 2.81e-09 3.14591e-09
0.4734 0.002 2.44e-09 3.09182e-09
0.4736 0.002 2.32e-09 3.03303e-09
0.4738 0.002 1.91e-09 2.96989e-09
0.474 0.002 1.59e-09 2.90274e-09
0.4742 0.002 1.59e-09 2.83186e-09
0.4744 0.002 1.68e-09 2.75751e-09
0.4746 0.002 1e-09 2.67995e-09
0.4748 0.002 7.56e-10 2.59939e-09
0.475 0.002 9.46e-10 2.51606e-09
0.4752 0.002 1.06e-09 2.43013e-09
0.4754 0.002 1.02e-09 2.34181e-09
0.4756 0.002 5.19e-10 2.25127e-09
0.4758 0.002 6.73e-10 2.1587e-09
0.476 0.002 2.41e-10 2.06426e-09
0.4762 0.002 3.03e-10 1.96815e-09
0.4764 0.002 2.68e-10 1.87056e-09
0.4766 0.002 3.93e-10 1.77171e-09
0.4768 0.002 2.08e-10 1.67182e-09
0.477 0.002 5.71e-11 1.57118e-09
0.4772 0.002 1.89e-11 1.47007e-09
0.4774 0.002 4.68e-10 1.36884e-09
0.4776 0.002 7.93e-11 1.26791e-09
0.4778 0.002 1.05e-10 1.1677e-09
0.478 0.002 6.84e-10 1.06876e-09
0.4782 0.002 3.8e-11 9.71629e-10
0.4784 0.002 2.56e-10 8.76944e-10
0.4786 0.002 3.42e-10 7.85359e-10
0.4788 0.002 2.22e-10 6.97546e-10
0.479 0.002 8.32e-11 6.14168e-10
0.4792 0.002 2.64e-10 5.35841e-10
0.4796 0.002 1.5e-10 3.9638e-10
0.4798 0.002 3.13e-10 3.35956e-10
0.48 0.002 6.07e-10 2.81957e-10
0.4802 0.002 6.5e-11 2.34347e-10
0.4804 0.002 1.35e-10 1.92932e-10
0.4806 0.002 4.82e-10 1.57381e-10
0.4808 0.002 2.33e-10 1.27258e-10
0.481 0.002 1.45e-10 1.0205e-10
0.4812 0.002 4.49e-10 8.12044e-11
0.4814 0.002 2.77e-10 6.41603e-11
0.4818 0.002 4.22e-10 3.93332e-11
0.482 0.002 2.04e-11 3.05826e-11
0.4822 0.002 4.21e-10 2.37177e-11
0.4824 0.002 4.64e-10 1.83942e-11
0.4826 0.002 3.02e-11 1.43253e-11
0.4828 0.002 2.75e-10 1.1279e-11
0.483 0.002 5.67e-10 9.07441e-12
0.4832 0.002 6.56e-10 7.57753e-12
0.4834 0.002 4.06e-10 6.69845e-12
0.4836 0.002 3.63e-10 6.38946e-12
0.4838 0.002 7.54e-10 6.64511e-12
0.484 0.002 4.77e-10 7.50456e-12
0.4842 0.002 4.64e-10 9.05652e-12
0.4844 0.002 4.67e-10 1.14475e-11
0.4846 0.002 3.14e-11 1.48936e-11
0.4848 0.002 3.03e-10 1.96969e-11
0.485 0.002 7.78e-11 2.6266e-11
0.4852 0.002 1.76e-10 3.51423e-11
0.4854 0.002 2.68e-10 4.70304e-11
0.4856 0.002 2.34e-10 6.28329e-11
0.4858 0.002 6.81e-10 8.36858e-11
0.486 0.002 5.2e-10 1.10991e-10
0.4862 0.002 2.29e-10 1.46436e-10
0.4864 0.002 5.62e-10 1.91993e-10
0.4866 0.002 3.86e-10 2.49873e-10
0.4868 0.002 7.44e-10 3.22431e-10
0.487 0.002 1.12e-09 4.11987e-10
0.4872 0.002 1.09e-09 5.20574e-10
0.4874 0.002 7.9e-10 6.49611e-10
0.4876 0.002 1e-09 7.99543e-10
0.4878 0.002 1.12e-09 9.69523e-10
0.488 0.002 1.29e-09 1.15722e-09
0.4882 0.002 1.45e-09 1.35886e-09
0.4884 0.002 1.53e-09 1.56943e-09
0.4886 0.002 1.94e-09 1.78325e-09
0.4888 0.002 2.3e-09 1.99448e-09
0.489 0.002 2.81e-09 2.19776e-09
0.4892 0.002 2.77e-09 2.38863e-09
0.4894 0.002 3.26e-09 2.56386e-09
0.4896 0.002 3.75e-09 2.72173e-09
0.4898 0.002 4.07e-09 2.86268e-09
0.49 0.002 4.89e-09 2.99018e-09
0.4902 0.002 5.45e-09 3.10993e-09
0.4904 0.002 5.7e-09 3.22718e-09
0.4906 0.002 6.21e-09 3.34502e-09
0.4908 0.002 6.78e-09 3.46506e-09
0.491 0.002 7.23e-09 3.58833e-09
0.4912 0.002 8.17e-09 3.71576e-09
0.4914 0.002 8.52e-09 3.84823e-09
0.4916 0.002 8.93e-09 3.98654e-09
0.4918 0.002 9.5e-09 4.13118e-09
0.492 0.002 1.01e-08 4.28173e-09
0.4922 0.002 1.07e-08 4.43575e-09
0.4924 0.002 1.13e-08 4.58885e-09
0.4926 0.002 1.22e-08 4.73697e-09
0.4928 0.002 1.24e-08 4.87819e-09
0.493 0.002 1.33e-08 5.01238e-09
0.4932 0.002 1.38e-08 5.14005e-09
0.4934 0.002 1.43e-08 5.26183e-09
0.4936 0.002 1.48e-08 5.37824e-09
0.4938 0.002 1.54e-08 5.48974e-09
0.494 0.002 1.56e-08 5.59666e-09
0.4942 0.002 1.61e-08 5.69932e-09
0.4944 0.002 1.62e-08 5.79796e-09
0.4946 0.002 1.66e-08 5.89284e-09
0.4948 0.002 1.64e-08 5.98417e-09
0.495 0.002 1.65e-08 6.07215e-09
0.4952 0.002 1.65e-08 6.15697e-09
0.4954 0.002 1.63e-08 6.23883e-09
0.4956 0.002 1.62e-08 6.31789e-09
0.4958 0.002 1.56e-08 6.39435e-09
0.496 0.002 1.55e-08 6.46841e-09
0.4962 0.002 1.48e-08 6.54025e-09
0.4964 0.002 1.44e-08 6.61011e-09
0.4966 0.002 1.39e-08 6.67822e-09
0.4968 0.002 1.35e-08 6.74486e-09
0.497 0.002 1.26e-08 6.81033e-09
0.4972 0.002 1.23e-08 6.875e-09
0.4974 0.002 1.12e-08 6.93928e-09
0.4976 0.002 1.1e-08 7.00362e-09
0.4978 0.002 9.92e-09 7.06855e-09
0.498 0.002 9.5e-09 7.13464e-09
0.4982 0.002 9.01e-09 7.20254e-09
0.4984 0.002 8.41e-09 7.2729e-09
0.4986 0.002 7.92e-09 7.3464e-09
0.4988 0.002 7.32e-09 7.4237e-09
0.499 0.002 6.82e-09 7.50542e-09
0.4992 0.002 6.74e-09 7.5921e-09
0.4994 0.002 6.55e-09 7.68414e-09
0.4996 0.002 6.14e-09 7.78183e-09
0.4998 0.002 5.59e-09 7.88529e-09
0.5 0.002 5.81e-09 7.99446e-09
0.5002 0.002 5.41e-09 8.10914e-09
0.5004 0.002 5.21e-09 8.229e-09
0.5006 0.002 4.8e-09 8.3536e-09
0.5008 0.002 4.72e-09 8.48242e-09
0.501 0.002 4.88e-09 8.61491e-09
0.5012 0.002 4.61e-09 8.75051e-09
0.5014 0.002 4.62e-09 8.88869e-09
0.5016 0.002 4.26e-09 9.02895e-09
0.5018 0.002 4.18e-09 9.17083e-09
0.502 0.002 4.39e-09 9.31395e-09
0.5022 0.002 4.2e-09 9.45796e-09
0.5024 0.002 4.36e-09 9.60259e-09
0.5026 0.002 4.38e-09 9.74761e-09
0.5028 0.002 4.01e-09 9.89285e-09
0.503 0.002 4.09e-09 1.00382e-08
0.5032 0.002 4.2e-09 1.01835e-08
0.5034 0.002 4.12e-09 1.03289e-08
0.5036 0.002 4.19e-09 1.04742e-08
0.5038 0.002 4.25e-09 1.06195e-08
0.504 0.002 4.18e-09 1.07649e-08
0.5042 0.002 4.35e-09 1.09106e-08
0.5044 0.002 4.57e-09 1.10569e-08
0.5046 0.002 4.68e-09 1.12039e-08
0.5048 0.002 4.64e-09 1.13522e-08
0.505 0.002 4.62e-09 1.15022e-08
0.5052 0.002 4.67e-09 1.16548e-08
0.5054 0.002 4.54e-09 1.18108e-08
0.5056 0.002 4.44e-09 1.19715e-08
0.5058 0.002 4.93e-09 1.21381e-08
0.506 0.002 4.91e-09 1.23125e-08
0.5062 0.002 5.06e-09 1.24967e-08
0.5064 0.002 5.04e-09 1.26929e-08
0.5066 0.002 5.57e-09 1.29034e-08
0.5068 0.002 5.66e-09 1.31305e-08
0.507 0.002 5.69e-09 1.33763e-08
0.5072 0.002 6.28e-09 1.36422e-08
0.5074 0.002 6.35e-09 1.39283e-08
0.5076 0.002 6.64e-09 1.42339e-08
0.5078 0.002 6.82e-09 1.45563e-08
0.508 0.002 7.24e-09 1.48918e-08
0.5082 0.002 7.8e-09 1.52352e-08
0.5084 0.002 8.29e-09 1.55808e-08
0.5086 0.002 8.95e-09 1.59229e-08
0.5088 0.002 9.27e-09 1.6256e-08
0.509 0.002 9.78e-09 1.65759e-08
0.5092 0.002 1.08e-08 1.68792e-08
0.5094 0.002 1.13e-08 1.7164e-08
0.5096 0.002 1.26e-08 1.74293e-08
0.5098 0.002 1.35e-08 1.7675e-08
0.51 0.002 1.48e-08 1.79016e-08
0.5102 0.002 1.54e-08 1.811e-08
0.5104 0.002 1.69e-08 1.83015e-08
0.5106 0.002 1.77e-08 1.84772e-08
0.5108 0.002 1.84e-08 1.86386e-08
0.511 0.002 1.98e-08 1.87868e-08
0.5112 0.002 2.01e-08 1.89231e-08
0.5114 0.002 2.16e-08 1.90485e-08
0.5116 0.002 2.22e-08 1.91639e-08
0.5118 0.002 2.32e-08 1.92704e-08
0.512 0.002 2.39e-08 1.93685e-08
0.5122 0.002 2.51e-08 1.94591e-08
0.5124 0.002 2.53e-08 1.95428e-08
0.5126 0.002 2.63e-08 1.962e-08
0.5128 0.002 2.67e-08 1.96913e-08
0.513 0.002 2.74e-08 1.97572e-08
0.5132 0.002 2.75e-08 1.98179e-08
0.5134 0.002 2.82e-08 1.9874e-08
0.5136 0.002 2.79e-08 1.99256e-08
0.5138 0.002 2.85e-08 1.99731e-08
0.514 0.002 2.8e-08 2.00167e-08
0.5142 0.002 2.84e-08 2.00568e-08
0.5144 0.002 2.8e-08 2.00934e-08
0.5146 0.002 2.81e-08 2.01269e-08
0.5148 0.002 2.76e-08 2.01574e-08
0.515 0.002 2.79e-08 2.01851e-08
0.5152 0.002 2.71e-08 2.02102e-08
0.5154 0.002 2.71e-08 2.02329e-08
0.5156 0.002 2.68e-08 2.02533e-08
0.5158 0.002 2.66e-08 2.02716e-08
0.516 0.002 2.65e-08 2.02882e-08
0.5162 0.002 2.58e-08 2.0303e-08
0.5164 0.002 2.58e-08 2.03165e-08
0.5166 0.002 2.54e-08 2.03289e-08
0.5168 0.002 2.52e-08 2.03404e-08
0.517 0.002 2.48e-08 2.03515e-08
0.5172 0.002 2.47e-08 2.03625e-08
0.5174 0.002 2.44e-08 2.0374e-08
0.5176 0.002 2.41e-08 2.03865e-08
0.5178 0.002 2.37e-08 2.04004e-08
0.518 0.002 2.38e-08 2.04165e-08
0.5182 0.002 2.32e-08 2.04355e-08
0.5184 0.002 2.35e-08 2.0458e-08
0.5186 0.002 2.28e-08 2.04846e-08
0.5188 0.002 2.29e-08 2.0516e-08
0.519 0.002 2.26e-08 2.05526e-08
0.5192 0.002 2.24e-08 2.0595e-08
0.5194 0.002 2.21e-08 2.06434e-08
0.5196 0.002 2.21e-08 2.06977e-08
0.5198 0.002 2.14e-08 2.07581e-08
0.52 0.002 2.17e-08 2.08243e-08
0.5202 0.002 2.12e-08 2.08958e-08
0.5204 0.002 2.1e-08 2.09724e-08
0.5206 0.002 2.08e-08 2.10534e-08
0.5208 0.002 2.06e-08 2.11383e-08
0.521 0.002 2.03e-08 2.12265e-08
0.5212 0.002 1.91e-08 2.13176e-08
0.5214 0.002 1.92e-08 2.14109e-08
0.5216 0.002 1.87e-08 2.15061e-08
0.5218 0.002 1.89e-08 2.16028e-08
0.522 0.002 1.85e-08 2.17006e-08
0.5222 0.002 1.85e-08 2.17992e-08
0.5224 0.002 1.83e-08 2.18985e-08
0.5226 0.002 1.96e-08 2.19983e-08
0.5228 0.002 1.91e-08 2.20984e-08
0.523 0.002 1.97e-08 2.21987e-08
0.5232 0.002 1.91e-08 2.22993e-08
0.5234 0.002 1.96e-08 2.24001e-08
0.5236 0.002 1.93e-08 2.25012e-08
0.5238 0.002 1.96e-08 2.26027e-08
0.524 0.002 1.95e-08 2.27047e-08
0.5242 0.002 1.98e-08 2.28075e-08
0.5244 0.002 1.97e-08 2.29113e-08
0.5246 0.002 2.01e-08 2.30167e-08
0.5248 0.002 2.01e-08 2.31242e-08
0.525 0.002 2.04e-08 2.32345e-08
0.5252 0.002 2.06e-08 2.33486e-08
0.5254 0.002 2.1e-08 2.34676e-08
0.5256 0.002 2.13e-08 2.3593e-08
0.5258 0.002 2.13e-08 2.37266e-08
0.526 0.002 2.21e-08 2.38703e-08
0.5262 0.002 2.21e-08 2.40265e-08
0.5264 0.002 2.28e-08 2.41974e-08
0.5266 0.002 2.3e-08 2.43854e-08
0.5268 0.002 2.36e-08 2.45925e-08
0.527 0.002 2.41e-08 2.48198e-08
0.5272 0.002 2.47e-08 2.50677e-08
0.5274 0.002 2.48e-08 2.5335e-08
0.5276 0.002 2.6e-08 2.56191e-08
0.5278 0.002 2.63e-08 2.59161e-08
0.528 0.002 2.72e-08 2.62207e-08
0.5282 0.002 2.76e-08 2.65273e-08
0.5284 0.002 2.88e-08 2.68299e-08
0.5286 0.002 2.9e-08 2.71235e-08
0.5288 0.002 3.01e-08 2.74036e-08
0.529 0.002 3.08e-08 2.76672e-08
0.5292 0.002 3.17e-08 2.79123e-08
0.5294 0.002 3.24e-08 2.81381e-08
0.5296 0.002 3.36e-08 2.83445e-08
0.5298 0.002 3.42e-08 2.85321e-08
0.53 0.002 3.55e-08 2.87018e-08
0.5302 0.002 3.64e-08 2.88548e-08
0.5304 0.002 3.71e-08 2.89924e-08
0.5306 0.002 3.84e-08 2.9116e-08
0.5308 0.002 3.89e-08 2.92267e-08
0.531 0.002 3.98e-08 2.93258e-08
0.5312 0.002 4.01e-08 2.94142e-08
0.5314 0.002 4.1e-08 2.9493e-08
0.5316 0.002 4.11e-08 2.9563e-08
0.5318 0.002 4.16e-08 2.9625e-08
0.532 0.002 4.18e-08 2.96797e-08
0.5322 0.002 4.22e-08 2.97277e-08
0.5324 0.002 4.18e-08 2.97694e-08
0.5326 0.002 4.24e-08 2.98055e-08
0.5328 0.002 4.2e-08 2.98363e-08
0.533 0.002 4.23e-08 2.98623e-08
0.5332 0.002 4.15e-08 2.98837e-08
0.5334 0.002 3.93e-08 2.99009e-08
0.5336 0.002 3.85e-08 2.99142e-08
0.5338 0.002 3.81e-08 2.99239e-08
0.534 0.002 3.72e-08 2.99301e-08
0.5342 0.002 3.65e-08 2.99331e-08
0.5344 0.002 3.52e-08 2.99331e-08
0.5346 0.002 3.47e-08 2.99303e-08
0.5348 0.002 3.32e-08 2.9925e-08
0.535 0.002 3.29e-08 2.99172e-08
0.5352 0.002 3.2e-08 2.99071e-08
0.5354 0.002 3.05e-08 2.9895e-08
0.5356 0.002 3.01e-08 2.9881e-08
0.5358 0.002 2.98e-08 2.98653e-08
0.536 0.002 3.07e-08 2.98482e-08
0.5362 0.002 2.98e-08 2.98299e-08
0.5364 0.002 2.72e-08 2.98106e-08
0.5366 0.002 2.9e-08 2.97907e-08
0.5368 0.002 2.85e-08 2.97705e-08
0.537 0.002 2.78e-08 2.97505e-08
0.5372 0.002 2.8e-08 2.97311e-08
0.5374 0.002 2.74e-08 2.97129e-08
0.5376 0.002 2.76e-08 2.96964e-08
0.5378 0.002 2.7e-08 2.96823e-08
0.538 0.002 2.72e-08 2.96712e-08
0.5382 0.002 2.68e-08 2.96638e-08
0.5384 0.002 2.68e-08 2.96608e-08
0.5386 0.002 2.66e-08 2.96628e-08
0.5388 0.002 2.64e-08 2.96702e-08
0.539 0.002 2.45e-08 2.96835e-08
0.5392 0.002 2.43e-08 2.97029e-08
0.5394 0.002 2.45e-08 2.97286e-08
0.5396 0.002 2.52e-08 2.97603e-08
0.5398 0.002 2.66e-08 2.97979e-08
0.54 0.002 2.64e-08 2.98411e-08
0.5402 0.002 2.66e-08 2.98893e-08
0.5404 0.002 2.65e-08 2.99421e-08
0.5406 0.002 2.68e-08 2.99988e-08
0.5408 0.002 2.65e-08 3.0059e-08
0.541 0.002 2.7e-08 3.01221e-08
0.5412 0.002 2.69e-08 3.01876e-08
0.5414 0.002 2.69e-08 3.0255e-08
0.5416 0.002 2.71e-08 3.0324e-08
0.5418 0.002 2.74e-08 3.03942e-08
0.542 0.002 2.72e-08 3.04654e-08
0.5422 0.002 2.79e-08 3.05374e-08
0.5424 0.002 2.75e-08 3.06099e-08
0.5426 0.002 2.81e-08 3.06829e-08
0.5428 0.002 2.79e-08 3.07563e-08
0.543 0.002 2.84e-08 3.083e-08
0.5432 0.002 2.83e-08 3.09041e-08
0.5434 0.002 2.9e-08 3.09786e-08
0.5436 0.002 2.9e-08 3.10536e-08
0.5438 0.002 2.9e-08 3.11293e-08
0.544 0.002 2.96e-08 3.12059e-08
0.5442 0.002 2.96e-08 3.12838e-08
0.5444 0.002 2.99e-08 3.13633e-08
0.5446 0.002 3e-08 3.14451e-08
0.5448 0.002 3.05e-08 3.15299e-08
0.545 0.002 3.04e-08 3.16188e-08
0.5452 0.002 3.09e-08 3.17128e-08
0.5454 0.002 3.07e-08 3.18134e-08
0.5456 0.002 3.14e-08 3.19225e-08
0.5458 0.002 3.12e-08 3.20421e-08
0.546 0.002 3.19e-08 3.21744e-08
0.5462 0.002 3.21e-08 3.23218e-08
0.5464 0.002 3.26e-08 3.24866e-08
0.5466 0.002 3.24e-08 3.26707e-08
0.5468 0.002 3.35e-08 3.28753e-08
0.547 0.002 3.31e-08 3.31004e-08
0.5472 0.002 3.41e-08 3.3345e-08
0.5474 0.002 3.42e-08 3.36062e-08
0.5476 0.002 3.5e-08 3.38799e-08
0.5478 0.002 3.51e-08 3.41609e-08
0.548 0.002 3.65e-08 3.44434e-08
0.5482 0.002 3.64e-08 3.47216e-08
0.5484 0.002 3.73e-08 3.49904e-08
0.5486 0.002 3.87e-08 3.52456e-08
0.5488 0.002 3.89e-08 3.54841e-08
0.549 0.002 4.04e-08 3.57042e-08
0.5492 0.002 4.12e-08 3.5905e-08
0.5494 0.002 4.25e-08 3.60865e-08
0.5496 0.002 4.31e-08 3.62494e-08
0.5498 0.002 4.51e-08 3.63945e-08
