0.3502 0.002 2.63e-10 9.19877e-19
0.3504 0.002 1.41e-10 9.57418e-19
0.3506 0.002 2.98e-10 9.96491e-19
0.3508 0.002 3.73e-10 1.03716e-18
0.351 0.002 2.53e-10 1.07949e-18
0.3512 0.002 2.17e-10 1.12354e-18
0.3514 0.002 4.78e-10 1.16939e-18
0.3516 0.002 2.69e-10 1.21712e-18
0.3518 0.002 2.44e-10 1.26679e-18
0.352 0.002 4.34e-10 1.31849e-18
0.3522 0.002 4.21e-11 1.37229e-18
0.3524 0.002 4.48e-10 1.4283e-18
0.3526 0.002 1.38e-10 1.48659e-18
0.3528 0.002 5.4e-10 1.54726e-18
0.353 0.002 1.86e-10 1.6104e-18
0.3532 0.002 4.39e-11 1.67612e-18
0.3534 0.002 3.49e-10 1.74453e-18
0.3536 0.002 2.67e-10 1.81572e-18
0.3538 0.002 4.67e-10 1.88983e-18
0.354 0.002 1.7e-10 1.96695e-18
0.3542 0.002 7.01e-11 2.04722e-18
0.3544 0.002 5.11e-11 2.13077e-18
0.3546 0.002 9.23e-11 2.21773e-18
0.3548 0.002 2.31e-11 2.30824e-18
0.355 0.002 2.96e-10 2.40244e-18
0.3552 0.002 3.11e-11 2.50048e-18
0.3554 0.002 2.29e-10 2.60253e-18
0.3556 0.002 4.96e-10 2.70874e-18
0.3558 0.002 2.08e-10 2.81929e-18
0.356 0.002 8.36e-11 2.93435e-18
0.3562 0.002 1.45e-10 3.0541e-18
0.3564 0.002 2.14e-10 3.17874e-18
0.3566 0.002 1.35e-10 3.30847e-18
0.3568 0.002 2.62e-10 3.44349e-18
0.357 0.002 5.23e-10 3.58402e-18
0.3572 0.002 1.9e-10 3.73028e-18
0.3574 0.002 2.42e-10 3.88252e-18
0.3576 0.002 3.07e-10 4.04097e-18
0.3578 0.002 6.77e-10 4.20588e-18
0.358 0.002 1.99e-10 4.37753e-18
0.3582 0.002 4.3e-11 4.55618e-18
0.3584 0.002 3.58e-11 4.74212e-18
0.3586 0.002 2.22e-10 4.93565e-18
0.3588 0.002 2.09e-10 5.13708e-18
0.359 0.002 1e-10 5.34673e-18
0.3592 0.002 5.56e-10 5.56493e-18
0.3594 0.002 2.48e-10 5.79204e-18
0.3596 0.002 1.15e-11 6.02842e-18
0.3598 0.002 2.74e-10 6.27444e-18
0.36 0.002 2.12e-10 6.53051e-18
0.3602 0.002 2.75e-10 6.79702e-18
0.3604 0.002 3.4e-10 7.07441e-18
0.3606 0.002 2.83e-10 7.36313e-18
0.3608 0.002 1.75e-10 7.66362e-18
0.361 0.002 1.05e-10 7.97638e-18
0.3612 0.002 3.75e-10 8.3019e-18
0.3616 0.002 3.63e-10 8.99334e-18
0.3618 0.002 1.49e-10 9.36037e-18
0.362 0.002 5.83e-10 9.74237e-18
0.3622 0.002 2.99e-11 1.014e-17
0.3624 0.002 8.25e-11 1.05538e-17
0.3626 0.002 1.09e-10 1.09845e-17
0.3628 0.002 2.43e-10 1.14328e-17
0.363 0.002 2.44e-10 1.18994e-17
0.3632 0.002 5.58e-11 1.2385e-17
0.3634 0.002 2.99e-10 1.28904e-17
0.3636 0.002 2.88e-10 1.34165e-17
0.3638 0.002 2.22e-10 1.3964e-17
0.364 0.002 2.07e-10 1.45339e-17
0.3642 0.002 2.97e-10 1.5127e-17
0.3644 0.002 4.71e-11 1.57444e-17
0.3646 0.002 5.58e-11 1.63869e-17
0.3648 0.002 2.65e-11 1.70557e-17
0.365 0.002 1.25e-10 1.77518e-17
0.3652 0.002 4.91e-11 1.84762e-17
0.3654 0.002 9.58e-11 1.92302e-17
0.3656 0.002 1.01e-10 2.0015e-17
0.3658 0.002 1.72e-10 2.08319e-17
0.366 0.002 2.77e-10 2.1682e-17
0.3662 0.002 5.5e-11 2.25669e-17
0.3664 0.002 3.34e-10 2.34879e-17
0.3666 0.002 1.16e-10 2.44464e-17
0.3668 0.002 1.57e-10 2.54441e-17
0.367 0.002 4.51e-11 2.64825e-17
0.3672 0.002 2.44e-10 2.75633e-17
0.3674 0.002 2.44e-10 2.86882e-17
0.3676 0.002 3.22e-10 2.98589e-17
0.3678 0.002 5.71e-10 3.10775e-17
0.368 0.002 1.77e-10 3.23458e-17
0.3682 0.002 5.34e-10 3.36659e-17
0.3684 0.002 1.67e-10 3.50398e-17
0.3686 0.002 1.88e-10 3.64698e-17
0.3688 0.002 2.27e-10 3.79582e-17
0.369 0.002 1.45e-10 3.95073e-17
0.3692 0.002 4.48e-10 4.11196e-17
0.3694 0.002 3.94e-10 4.27977e-17
0.3696 0.002 2.47e-10 4.45443e-17
0.3698 0.002 3.24e-10 4.63622e-17
0.37 0.002 2.56e-10 4.82543e-17
0.3702 0.002 1.98e-10 5.02236e-17
0.3704 0.002 9.72e-11 5.22732e-17
0.3706 0.002 5.1e-11 5.44065e-17
0.3708 0.002 1e-10 5.66269e-17
0.371 0.002 2.45e-10 5.89379e-17
0.3714 0.002 5.33e-10 6.38467e-17
0.3716 0.002 8.49e-11 6.64523e-17
0.3718 0.002 8.13e-11 6.91643e-17
0.372 0.002 5.31e-10 7.19869e-17
0.3722 0.002 8.12e-11 7.49248e-17
0.3724 0.002 2.87e-10 7.79825e-17
0.3726 0.002 1.04e-10 8.1165e-17
0.3728 0.002 1.51e-10 8.44774e-17
0.373 0.002 1.25e-10 8.7925e-17
0.3732 0.002 3.35e-11 9.15133e-17
0.3734 0.002 2.12e-10 9.5248e-17
0.3736 0.002 1.82e-10 9.91352e-17
0.3738 0.002 2.6e-10 1.03181e-16
0.374 0.002 3.14e-10 1.07392e-16
0.3742 0.002 3.47e-10 1.11775e-16
0.3744 0.002 1.86e-10 1.16336e-16
0.3746 0.002 2.01e-10 1.21084e-16
0.3748 0.002 2.31e-10 1.26026e-16
0.375 0.002 3.54e-10 1.31169e-16
0.3752 0.002 3.26e-11 1.36522e-16
0.3754 0.002 1.68e-10 1.42093e-16
0.3756 0.002 1.13e-10 1.47892e-16
0.3758 0.002 2.57e-10 1.53928e-16
0.376 0.002 1.03e-10 1.6021e-16
0.3762 0.002 2.59e-10 1.66748e-16
0.3764 0.002 2.24e-10 1.73553e-16
0.3766 0.002 1.31e-10 1.80636e-16
0.3768 0.002 7.71e-11 1.88008e-16
0.377 0.002 6.12e-11 1.95681e-16
0.3772 0.002 5.32e-10 2.03667e-16
0.3774 0.002 5.43e-11 2.11978e-16
0.3776 0.002 1.46e-10 2.20629e-16
0.3778 0.002 6.6e-10 2.29633e-16
0.378 0.002 2.13e-10 2.39005e-16
0.3782 0.002 6.46e-10 2.48759e-16
0.3784 0.002 2.27e-10 2.58911e-16
0.3786 0.002 5.34e-10 2.69477e-16
0.3788 0.002 1.82e-10 2.80475e-16
0.379 0.002 7.65e-11 2.91921e-16
0.3792 0.002 7.95e-11 3.03835e-16
0.3794 0.002 3.25e-10 3.16235e-16
0.3796 0.002 4.23e-10 3.2914e-16
0.3798 0.002 3.58e-10 3.42573e-16
0.38 0.002 6.67e-10 3.56554e-16
0.3802 0.002 2.73e-10 3.71105e-16
0.3804 0.002 1.95e-10 3.8625e-16
0.3806 0.002 4.43e-10 4.02013e-16
0.3808 0.002 3.8e-11 4.18419e-16
0.381 0.002 2.78e-10 4.35495e-16
0.3812 0.002 6.28e-11 4.53268e-16
0.3814 0.002 1.52e-10 4.71767e-16
0.3816 0.002 4.59e-10 4.9102e-16
0.3818 0.002 2.96e-10 5.11059e-16
0.382 0.002 2.26e-10 5.31915e-16
0.3822 0.002 2.67e-11 5.53623e-16
0.3824 0.002 5.9e-11 5.76217e-16
0.3826 0.002 3.7e-10 5.99733e-16
0.3828 0.002 4.94e-10 6.24208e-16
0.383 0.002 9.82e-11 6.49683e-16
0.3834 0.002 1.16e-10 7.03793e-16
0.3836 0.002 5.31e-11 7.32515e-16
0.3838 0.002 3.45e-10 7.6241e-16
0.384 0.002 8.16e-11 7.93524e-16
0.3842 0.002 4.16e-11 8.25909e-16
0.3844 0.002 9.05e-11 8.59615e-16
0.3846 0.002 4.4e-10 8.94696e-16
0.3848 0.002 7.15e-11 9.31209e-16
0.385 0.002 3.24e-10 9.69213e-16
0.3852 0.002 3.02e-10 1.00877e-15
0.3854 0.002 5.51e-11 1.04994e-15
0.3856 0.002 3.48e-10 1.09278e-15
0.3858 0.002 7.22e-10 1.13738e-15
0.386 0.002 2.69e-10 1.1838e-15
0.3862 0.002 2.28e-10 1.23211e-15
0.3864 0.002 3.17e-10 1.28239e-15
0.3866 0.002 1.02e-10 1.33473e-15
0.387 0.002 2.05e-11 1.4459e-15
0.3872 0.002 3.04e-10 1.5049e-15
0.3874 0.002 2.07e-10 1.56632e-15
0.3876 0.002 4.37e-10 1.63024e-15
0.3878 0.002 2.85e-10 1.69677e-15
0.388 0.002 3.68e-10 1.76602e-15
0.3882 0.002 2.71e-10 1.83809e-15
0.3884 0.002 4.85e-10 1.91311e-15
0.3886 0.002 2.62e-10 1.99118e-15
0.3888 0.002 7.75e-11 2.07244e-15
0.389 0.002 1.02e-10 2.15702e-15
0.3892 0.002 9.75e-11 2.24505e-15
0.3894 0.002 3.05e-10 2.33667e-15
0.3896 0.002 2.24e-10 2.43204e-15
0.3898 0.002 2.87e-11 2.53129e-15
0.39 0.002 3.8e-10 2.63459e-15
0.3902 0.002 3.12e-10 2.74211e-15
0.3904 0.002 2.68e-10 2.85402e-15
0.3906 0.002 2.46e-10 2.97049e-15
0.3908 0.002 5.74e-10 3.09172e-15
0.391 0.002 2.19e-10 3.2179e-15
0.3912 0.002 4.3e-10 3.34922e-15
0.3914 0.002 5.09e-11 3.48591e-15
0.3916 0.002 3.76e-10 3.62817e-15
0.3918 0.002 3.32e-10 3.77624e-15
0.392 0.002 3.66e-10 3.93035e-15
0.3922 0.002 3.67e-10 4.09075e-15
0.3924 0.002 3.17e-10 4.2577e-15
0.3926 0.002 4.99e-10 4.43146e-15
0.3928 0.002 4.06e-10 4.61231e-15
0.393 0.002 3.33e-10 4.80054e-15
0.3932 0.002 9.32e-11 4.99645e-15
0.3934 0.002 4.02e-11 5.20036e-15
0.3936 0.002 9e-11 5.41259e-15
0.3938 0.002 7.58e-11 5.63348e-15
0.394 0.002 5.32e-11 5.86339e-15
0.3942 0.002 2.24e-10 6.10268e-15
0.3944 0.002 9.43e-11 6.35173e-15
0.3946 0.002 1.42e-10 6.61095e-15
0.3948 0.002 4.77e-10 6.88075e-15
0.395 0.002 2.32e-10 7.16156e-15
0.3952 0.002 1.82e-10 7.45383e-15
0.3954 0.002 3.49e-10 7.75802e-15
0.3956 0.002 2.39e-10 8.07463e-15
0.3958 0.002 1.08e-10 8.40417e-15
0.396 0.002 1.27e-10 8.74714e-15
0.3962 0.002 3.55e-10 9.10412e-15
0.3964 0.002 1.31e-10 9.47567e-15
0.3966 0.002 2.24e-10 9.86238e-15
0.3968 0.002 3.16e-10 1.02649e-14
0.397 0.002 2.85e-10 1.06838e-14
0.3972 0.002 6.87e-11 1.11198e-14
0.3974 0.002 2.7e-10 1.15736e-14
0.3976 0.002 2.79e-11 1.20459e-14
0.3978 0.002 2.47e-10 1.25375e-14
0.398 0.002 9.29e-11 1.30492e-14
0.3982 0.002 1.51e-10 1.35817e-14
0.3984 0.002 6.09e-10 1.4136e-14
0.3986 0.002 2.69e-10 1.47129e-14
0.3988 0.002 2.58e-10 1.53134e-14
0.399 0.002 1.47e-10 1.59383e-14
0.3992 0.002 3.19e-10 1.65888e-14
0.3994 0.002 4.35e-11 1.72658e-14
0.3996 0.002 2.71e-10 1.79704e-14
0.3998 0.002 1.04e-11 1.87038e-14
0.4 0.002 4.44e-10 1.94671e-14
0.4002 0.002 3.9e-11 2.02615e-14
0.4004 0.002 2.9e-10 2.10884e-14
0.4006 0.002 5.85e-10 2.19491e-14
0.4008 0.002 3.27e-10 2.28448e-14
0.401 0.002 3.03e-10 2.37771e-14
0.4012 0.002 5.67e-10 2.47475e-14
0.4014 0.002 1.54e-10 2.57574e-14
0.4016 0.002 3.64e-10 2.68086e-14
0.402 0.002 4.51e-10 2.90414e-14
0.4022 0.002 6.13e-11 3.02266e-14
0.4024 0.002 3.66e-10 3.14602e-14
0.4026 0.002 1.86e-10 3.27441e-14
0.4028 0.002 2.71e-10 3.40804e-14
0.403 0.002 5.21e-10 3.54712e-14
0.4032 0.002 2.97e-10 3.69188e-14
0.4034 0.002 3.75e-10 3.84255e-14
0.4036 0.002 7.78e-11 3.99937e-14
0.4038 0.002 1.91e-10 4.16258e-14
0.404 0.002 1.97e-10 4.33246e-14
0.4042 0.002 3.45e-10 4.50927e-14
0.4044 0.002 1.28e-10 4.69329e-14
0.4046 0.002 1.43e-10 4.88483e-14
0.4048 0.002 1.79e-10 5.08418e-14
0.405 0.002 3.78e-10 5.29167e-14
0.4052 0.002 3.88e-10 5.50762e-14
0.4054 0.002 8.81e-11 5.73239e-14
0.4056 0.002 2.4e-10 5.96633e-14
0.4058 0.002 2.27e-10 6.20982e-14
0.406 0.002 2.99e-10 6.46324e-14
0.4062 0.002 4.91e-10 6.72701e-14
0.4064 0.002 3.27e-10 7.00154e-14
0.4066 0.002 8.75e-11 7.28727e-14
0.4068 0.002 3.07e-10 7.58466e-14
0.407 0.002 3.84e-10 7.8942e-14
0.4072 0.002 2.07e-10 8.21636e-14
0.4074 0.002 4.58e-10 8.55167e-14
0.4076 0.002 6.26e-11 8.90066e-14
0.4078 0.002 1.59e-11 9.2639e-14
0.408 0.002 1.46e-10 9.64196e-14
0.4082 0.002 1.03e-10 1.00354e-13
0.4084 0.002 1.81e-10 1.0445e-13
0.4086 0.002 2.08e-10 1.08712e-13
0.409 0.002 3.74e-10 1.17767e-13
0.4092 0.002 8.08e-11 1.22573e-13
0.4094 0.002 2.96e-10 1.27575e-13
0.4096 0.002 4.05e-10 1.32781e-13
0.4098 0.002 3.02e-10 1.382e-13
0.41 0.002 1.16e-10 1.4384e-13
0.4102 0.002 1.84e-10 1.4971e-13
0.4104 0.002 1.04e-10 1.55819e-13
0.4106 0.002 6.45e-10 1.62178e-13
0.4108 0.002 2.29e-10 1.68797e-13
0.411 0.002 4.18e-10 1.75685e-13
0.4112 0.002 1.58e-10 1.82855e-13
0.4114 0.002 1.89e-10 1.90317e-13
0.4116 0.002 3.28e-10 1.98083e-13
0.4118 0.002 8.01e-11 2.06167e-13
0.412 0.002 2.05e-10 2.1458e-13
0.4122 0.002 2.27e-10 2.23337e-13
0.4124 0.002 1.41e-10 2.32451e-13
0.4126 0.002 2.52e-10 2.41937e-13
0.4128 0.002 6.7e-10 2.51811e-13
0.413 0.002 1.55e-10 2.62087e-13
0.4132 0.002 2.99e-10 2.72782e-13
0.4134 0.002 5.04e-10 2.83914e-13
0.4136 0.002 1.78e-11 2.955e-13
0.4138 0.002 2.94e-10 3.07559e-13
0.414 0.002 6.28e-11 3.2011e-13
0.4142 0.002 5.39e-10 3.33173e-13
0.4144 0.002 6.15e-11 3.46769e-13
0.4146 0.002 7.97e-11 3.60919e-13
0.4148 0.002 3.84e-11 3.75648e-13
0.415 0.002 4.79e-10 3.90977e-13
0.4152 0.002 1.73e-10 4.06932e-13
0.4154 0.002 1.82e-10 4.23537e-13
0.4156 0.002 4.66e-10 4.40821e-13
0.4158 0.002 1.9e-10 4.58809e-13
0.416 0.002 2.89e-11 4.77532e-13
0.4162 0.002 1.77e-10 4.97018e-13
0.4164 0.002 3.23e-10 5.173e-13
0.4166 0.002 5.59e-11 5.38409e-13
0.4168 0.002 1.61e-10 5.60379e-13
0.417 0.002 6.36e-10 5.83246e-13
0.4172 0.002 3.52e-10 6.07046e-13
0.4174 0.002 4.06e-10 6.31816e-13
0.4176 0.002 1.88e-10 6.57598e-13
0.4178 0.002 4.24e-10 6.84431e-13
0.418 0.002 1.55e-10 7.12359e-13
0.4182 0.002 1.68e-10 7.41427e-13
0.4184 0.002 1.06e-10 7.7168e-13
0.4186 0.002 2.96e-10 8.03168e-13
0.4188 0.002 1.82e-10 8.3594e-13
0.419 0.002 3.87e-10 8.70049e-13
0.4192 0.002 5.85e-10 9.0555e-13
0.4194 0.002 1.53e-11 9.42499e-13
0.4196 0.002 3.46e-10 9.80955e-13
0.4198 0.002 4.24e-10 1.02098e-12
0.42 0.002 1.48e-10 1.06264e-12
0.4202 0.002 2.22e-10 1.106e-12
0.4206 0.002 1.27e-10 1.19809e-12
0.4208 0.002 4.76e-10 1.24697e-12
0.421 0.002 2.3e-10 1.29785e-12
0.4212 0.002 2.19e-10 1.3508e-12
0.4214 0.002 4.72e-10 1.40591e-12
0.4216 0.002 2.2e-10 1.46327e-12
0.4218 0.002 1.46e-10 1.52297e-12
0.422 0.002 5.14e-10 1.5851e-12
0.4224 0.002 1.62e-10 1.71707e-12
0.4226 0.002 1.78e-10 1.78712e-12
0.4228 0.002 1.86e-10 1.86003e-12
0.423 0.002 1.31e-11 1.9359e-12
0.4232 0.002 3.44e-11 2.01488e-12
0.4236 0.002 1.62e-10 2.18261e-12
0.4238 0.002 2.24e-10 2.27165e-12
0.4242 0.002 2.2e-10 2.46075e-12
0.4244 0.002 3.31e-10 2.56112e-12
0.4246 0.002 9.33e-11 2.66559e-12
0.4248 0.002 2.7e-10 2.77431e-12
0.425 0.002 5.83e-10 2.88746e-12
0.4252 0.002 3.01e-10 3.00523e-12
0.4254 0.002 5.97e-10 3.1278e-12
0.4256 0.002 2.06e-10 3.25536e-12
0.4258 0.002 6.47e-10 3.38812e-12
0.426 0.002 4.4e-11 3.52629e-12
0.4262 0.002 1.38e-10 3.67009e-12
0.4264 0.002 1.55e-10 3.81975e-12
0.4266 0.002 1.95e-10 3.97551e-12
0.4268 0.002 4.63e-10 4.13762e-12
0.427 0.002 4.3e-10 4.30633e-12
0.4272 0.002 6.73e-10 4.48191e-12
0.4274 0.002 2.42e-10 4.66464e-12
0.4276 0.002 1.99e-10 4.85482e-12
0.4278 0.002 1.81e-10 5.05274e-12
0.428 0.002 3.05e-10 5.25873e-12
0.4282 0.002 8.41e-11 5.4731e-12
0.4284 0.002 5.31e-11 5.6962e-12
0.4286 0.002 4e-10 5.92838e-12
0.4288 0.002 1.06e-10 6.17001e-12
0.429 0.002 3.07e-10 6.42148e-12
0.4292 0.002 8.53e-11 6.68318e-12
0.4294 0.002 2.26e-10 6.95554e-12
0.4296 0.002 1.51e-10 7.23898e-12
0.4298 0.002 1.39e-10 7.53395e-12
0.43 0.002 6.94e-11 7.84092e-12
0.4302 0.002 3.98e-10 8.16037e-12
0.4304 0.002 2.74e-10 8.49282e-12
0.4306 0.002 2.93e-10 8.83878e-12
0.4308 0.002 6.87e-10 9.19882e-12
0.431 0.002 3e-10 9.57349e-12
0.4312 0.002 4.9e-10 9.96339e-12
0.4314 0.002 2.08e-10 1.03691e-11
0.4316 0.002 5.84e-10 1.07914e-11
0.4318 0.002 2.36e-10 1.12307e-11
0.432 0.002 2.54e-10 1.1688e-11
0.4322 0.002 3.11e-10 1.21638e-11
0.4324 0.002 2.24e-10 1.26589e-11
0.4326 0.002 3.68e-10 1.31741e-11
0.4328 0.002 3.58e-10 1.37102e-11
0.433 0.002 6.16e-10 1.42681e-11
0.4332 0.002 7.35e-11 1.48486e-11
0.4334 0.002 3.35e-11 1.54527e-11
0.4336 0.002 4.03e-11 1.60812e-11
0.4338 0.002 1.12e-10 1.67352e-11
0.4342 0.002 8.82e-11 1.81239e-11
0.4344 0.002 5.44e-10 1.88606e-11
0.4346 0.002 4.04e-10 1.96272e-11
0.4348 0.002 1.4e-10 2.04249e-11
0.435 0.002 1.74e-10 2.12548e-11
0.4352 0.002 1.84e-10 2.21182e-11
0.4354 0.002 5.4e-10 2.30166e-11
0.4356 0.002 2.15e-10 2.39513e-11
0.4358 0.002 4.3e-10 2.49237e-11
0.436 0.002 2.59e-10 2.59355e-11
0.4362 0.002 5.3e-10 2.6988e-11
0.4364 0.002 4.71e-10 2.8083e-11
0.4366 0.002 1.91e-10 2.92222e-11
0.4368 0.002 2.99e-10 3.04073e-11
0.437 0.002 2.81e-10 3.16402e-11
0.4374 0.002 1.74e-10 3.42568e-11
0.4376 0.002 1.43e-10 3.56445e-11
0.4378 0.002 6.23e-11 3.70881e-11
0.438 0.002 8.7e-11 3.85896e-11
0.4386 0.002 3.07e-10 4.34656e-11
0.4388 0.002 3.06e-10 4.52229e-11
0.439 0.002 2.26e-10 4.70506e-11
0.4394 0.002 1.88e-10 5.09281e-11
0.4396 0.002 2.54e-11 5.29838e-11
0.4398 0.002 1.64e-10 5.51216e-11
0.44 0.002 3.47e-10 5.73445e-11
0.4402 0.002 2.16e-10 5.9656e-11
0.4404 0.002 6.99e-10 6.20595e-11
0.4406 0.002 9.1e-11 6.45584e-11
0.4408 0.002 4.2e-10 6.71566e-11
0.441 0.002 3.93e-10 6.98578e-11
0.4412 0.002 1.35e-10 7.26661e-11
0.4414 0.002 2.37e-10 7.55854e-11
0.4416 0.002 1.21e-10 7.86201e-11
0.4418 0.002 3.59e-10 8.17745e-11
0.442 0.002 3.78e-11 8.50533e-11
0.4422 0.002 3.53e-10 8.8461e-11
0.4424 0.002 1.03e-10 9.20027e-11
0.4426 0.002 3.27e-10 9.56833e-11
0.4428 0.002 3.5e-10 9.95081e-11
0.443 0.002 3.04e-10 1.03482e-10
0.4432 0.002 2.54e-10 1.07612e-10
0.4434 0.002 1.8e-11 1.11902e-10
0.4436 0.002 2.99e-11 1.1636e-10
0.4438 0.002 9.99e-11 1.2099e-10
0.444 0.002 9.61e-11 1.25799e-10
0.4442 0.002 8.18e-11 1.30795e-10
0.4444 0.002 1.72e-10 1.35983e-10
0.4446 0.002 7.48e-11 1.41371e-10
0.445 0.002 3.54e-10 1.52774e-10
0.4452 0.002 6.18e-11 1.58805e-10
0.4454 0.002 1.41e-10 1.65065e-10
0.4456 0.002 4.17e-10 1.71563e-10
0.4458 0.002 1.87e-11 1.78307e-10
0.446 0.002 1.64e-10 1.85306e-10
0.4462 0.002 3.89e-10 1.92568e-10
0.4464 0.002 2.04e-10 2.00103e-10
0.4466 0.002 2.38e-10 2.07919e-10
0.4468 0.002 5.1e-10 2.16026e-10
0.447 0.002 1.4e-10 2.24434e-10
0.4472 0.002 2e-10 2.33153e-10
0.4474 0.002 8.49e-11 2.42193e-10
0.4476 0.002 1.42e-10 2.51565e-10
0.4478 0.002 9.75e-11 2.61278e-10
0.448 0.002 2.06e-10 2.71344e-10
0.4482 0.002 1.51e-10 2.81775e-10
0.4484 0.002 3.7e-10 2.9258e-10
0.4486 0.002 4.66e-10 3.03772e-10
0.4488 0.002 3.88e-10 3.15363e-10
0.449 0.002 3.14e-10 3.27365e-10
0.4492 0.002 2.62e-10 3.39789e-10
0.4494 0.002 3.39e-10 3.52647e-10
0.4496 0.002 3.54e-10 3.65953e-10
0.4498 0.002 1.52e-10 3.79718e-10
0.45 0.002 1.03e-10 3.93956e-10
0.4502 0.002 1.54e-10 4.08678e-10
0.4504 0.002 7.1e-10 4.23899e-10
0.4506 0.002 2.37e-10 4.3963e-10
0.4508 0.002 3.58e-10 4.55885e-10
0.451 0.002 2.47e-10 4.72676e-10
0.4512 0.002 2.5e-11 4.90017e-10
0.4514 0.002 3.15e-10 5.0792e-10
0.4516 0.002 6.11e-11 5.26399e-10
0.4518 0.002 2.92e-10 5.45465e-10
0.452 0.002 2.41e-10 5.65131e-10
0.4522 0.002 2.58e-10 5.8541e-10
0.4524 0.002 1.27e-10 6.06314e-10
0.4526 0.002 6.16e-10 6.27854e-10
0.4528 0.002 2.66e-10 6.50042e-10
0.453 0.002 3.09e-10 6.7289e-10
0.4532 0.002 1.32e-10 6.96407e-10
0.4534 0.002 1.51e-10 7.20604e-10
0.4536 0.002 1.27e-10 7.45491e-10
0.4538 0.002 1.37e-10 7.71077e-10
0.454 0.002 4.93e-11 7.97371e-10
0.4542 0.002 2.2e-10 8.2438e-10
0.4544 0.002 2.92e-10 8.52111e-10
0.4546 0.002 9.68e-11 8.80572e-10
0.4548 0.002 5.07e-10 9.09766e-10
0.455 0.002 2.55e-10 9.39699e-10
0.4552 0.002 2.71e-10 9.70374e-10
0.4554 0.002 2.12e-10 1.00179e-09
0.4556 0.002 4.48e-10 1.03396e-09
0.4558 0.002 1.77e-10 1.06687e-09
0.456 0.002 1.89e-10 1.10053e-09
0.4562 0.002 6.11e-10 1.13493e-09
0.4564 0.002 1.14e-10 1.17007e-09
0.4566 0.002 2.62e-10 1.20595e-09
0.4568 0.002 1.01e-10 1.24255e-09
0.457 0.002 1.34e-10 1.27988e-09
0.4572 0.002 4.35e-10 1.31791e-09
0.4574 0.002 3.11e-10 1.35665e-09
0.4576 0.002 4.35e-10 1.39608e-09
0.4578 0.002 1.75e-10 1.43618e-09
0.458 0.002 2.8e-10 1.47694e-09
0.4582 0.002 3e-10 1.51834e-09
0.4584 0.002 2.43e-10 1.56036e-09
0.4586 0.002 1.32e-10 1.60299e-09
0.4588 0.002 1.74e-10 1.6462e-09
0.459 0.002 1.07e-10 1.68997e-09
0.4592 0.002 4.68e-10 1.73427e-09
0.4594 0.002 2.34e-10 1.77908e-09
0.4596 0.002 7.72e-11 1.82437e-09
0.4598 0.002 2.51e-10 1.87011e-09
0.46 0.002 2.72e-10 1.91627e-09
0.4602 0.002 3.93e-10 1.96282e-09
0.4604 0.002 2.51e-10 2.00972e-09
0.4606 0.002 1.37e-10 2.05695e-09
0.4608 0.002 4.2e-11 2.10446e-09
0.461 0.002 3.42e-10 2.15222e-09
0.4612 0.002 3.71e-10 2.2002e-09
0.4614 0.002 3.2e-10 2.24836e-09
0.4616 0.002 1.23e-10 2.29666e-09
0.4618 0.002 3.63e-10 2.34506e-09
0.462 0.002 2.35e-10 2.39352e-09
0.4622 0.002 1.37e-10 2.44201e-09
0.4624 0.002 1.31e-10 2.49048e-09
0.4626 0.002 3.59e-11 2.53891e-09
0.4628 0.002 1.22e-10 2.58723e-09
0.463 0.002 1.93e-10 2.63544e-09
0.4632 0.002 4.6e-11 2.68347e-09
0.4634 0.002 1.18e-10 2.7313e-09
0.4636 0.002 2.21e-10 2.77888e-09
0.4638 0.002 6.29e-11 2.82619e-09
0.464 0.002 2.84e-10 2.87319e-09
0.4642 0.002 1.4e-10 2.91984e-09
0.4644 0.002 3.74e-10 2.96611e-09
0.4646 0.002 3.84e-10 3.01197e-09
0.4648 0.002 1.35e-10 3.05739e-09
0.465 0.002 2.29e-10 3.10233e-09
0.4652 0.002 1.52e-10 3.14678e-09
0.4654 0.002 1.01e-10 3.1907e-09
0.4656 0.002 3.12e-10 3.23406e-09
0.4658 0.002 2.54e-10 3.27685e-09
0.466 0.002 4.73e-11 3.31905e-09
0.4662 0.002 7.38e-11 3.36063e-09
0.4664 0.002 2.66e-10 3.40156e-09
0.4666 0.002 5.85e-10 3.44185e-09
0.4668 0.002 6.77e-10 3.48146e-09
0.467 0.002 7.9e-10 3.52039e-09
0.4672 0.002 1.25e-09 3.55863e-09
0.4674 0.002 1.03e-09 3.59615e-09
0.4676 0.002 1.62e-09 3.63295e-09
0.4678 0.002 1.98e-09 3.66903e-09
0.468 0.002 1.92e-09 3.70438e-09
0.4682 0.002 2.44e-09 3.73898e-09
0.4684 0.002 3.09e-09 3.77285e-09
0.4686 0.002 3.62e-09 3.80597e-09
0.4688 0.002 3.17e-09 3.83834e-09
0.469 0.002 3.64e-09 3.86997e-09
0.4692 0.002 3.83e-09 3.90085e-09
0.4694 0.002 4.78e-09 3.93099e-09
0.4696 0.002 3.84e-09 3.96039e-09
0.4698 0.002 3.86e-09 3.98905e-09
0.47 0.002 3.83e-09 4.01699e-09
0.4702 0.002 3.92e-09 4.04419e-09
0.4704 0.002 4.31e-09 4.07069e-09
0.4706 0.002 3.98e-09 4.09647e-09
0.4708 0.002 4.34e-09 4.12155e-09
0.471 0.002 3.96e-09 4.14594e-09
0.4712 0.002 4.41e-09 4.16964e-09
0.4714 0.002 3.96e-09 4.19267e-09
0.4716 0.002 3.87e-09 6.15815e-09
0.4718 0.002 4.4e-09 7.08537e-09
0.472 0.002 4.3e-09 7.94209e-09
0.4722 0.002 3.76e-09 8.68852e-09
0.4724 0.002 3.4e-09 9.30144e-09
0.4726 0.002 3.27e-09 9.77454e-09
0.4728 0.002 3.19e-09 1.01148e-08
0.473 0.002 3.43e-09 1.03376e-08
0.4732 0.002 2.81e-09 1.04614e-08
0.4734 0.002 2.44e-09 1.05049e-08
0.4736 0.002 2.32e-09 1.0485e-08
0.4738 0.002 1.91e-09 1.04159e-08
0.474 0.002 1.59e-09 1.0309e-08
0.4742 0.002 1.59e-09 1.01732e-08
0.4744 0.002 1.68e-09 1.00154e-08
0.4746 0.002 1e-09 9.8407e-09
0.4748 0.002 7.56e-10 9.6531e-09
0.475 0.002 9.46e-10 9.4555e-09
0.4752 0.002 1.06e-09 9.25008e-09
0.4754 0.002 1.02e-09 9.03849e-09
0.4756 0.002 5.19e-10 8.82196e-09
0.4758 0.002 6.73e-10 8.60143e-09
0.476 0.002 2.41e-10 8.37762e-09
0.4762 0.002 3.03e-10 8.15109e-09
0.4764 0.002 2.68e-10 7.92227e-09
0.4766 0.002 3.93e-10 7.6915e-09
0.4768 0.002 2.08e-10 7.45906e-09
0.477 0.002 5.71e-11 7.22517e-09
0.4772 0.002 1.89e-11 6.99002e-09
0.4774 0.002 4.68e-10 6.75377e-09
0.4776 0.002 7.93e-11 6.51655e-09
0.4778 0.002 1.05e-10 6.27849e-09
0.478 0.002 6.84e-10 6.03969e-09
0.4782 0.002 3.8e-11 5.80027e-09
0.4784 0.002 2.56e-10 5.56034e-09
0.4786 0.002 3.42e-10 5.32e-09
0.4788 0.002 2.22e-10 5.07937e-09
0.479 0.002 8.32e-11 4.83859e-09
0.4792 0.002 2.64e-10 4.59782e-09
0.4796 0.002 1.5e-10 4.11707e-09
0.4798 0.002 3.13e-10 3.8776e-09
0.48 0.002 6.07e-10 3.63915e-09
0.4802 0.002 6.5e-11 3.40214e-09
0.4804 0.002 1.35e-10 3.16704e-09
0.4806 0.002 4.82e-10 2.93447e-09
0.4808 0.002 2.33e-10 2.70512e-09
0.481 0.002 1.45e-10 2.47981e-09
0.4812 0.002 4.49e-10 2.25948e-09
0.4814 0.002 2.77e-10 2.04519e-09
0.4818 0.002 4.22e-10 1.63939e-09
0.482 0.002 2.04e-11 1.45031e-09
0.4822 0.002 4.21e-10 1.27207e-09
0.4824 0.002 4.64e-10 1.10574e-09
0.4826 0.002 3.02e-11 9.52247e-10
0.4828 0.002 2.75e-10 8.12271e-10
0.483 0.002 5.67e-10 6.86204e-10
0.4832 0.002 6.56e-10 5.7412e-10
0.4834 0.002 4.06e-10 4.75771e-10
0.4836 0.002 3.63e-10 3.90606e-10
0.4838 0.002 7.54e-10 3.17818e-10
0.484 0.002 4.77e-10 2.56403e-10
0.4842 0.002 4.64e-10 2.05228e-10
0.4844 0.002 4.67e-10 1.63106e-10
0.4846 0.002 3.14e-11 1.2885e-10
0.4848 0.002 3.03e-10 1.01332e-10
0.485 0.002 7.78e-11 7.95161e-11
0.4852 0.002 1.76e-10 6.24905e-11
0.4854 0.002 2.68e-10 4.94795e-11
0.4856 0.002 2.34e-10 3.98541e-11
0.4858 0.002 6.81e-10 3.31365e-11
0.486 0.002 5.2e-10 2.90041e-11
0.4862 0.002 2.29e-10 2.72971e-11
0.4864 0.002 5.62e-10 2.80315e-11
0.4866 0.002 3.86e-10 3.14224e-11
0.4868 0.002 7.44e-10 3.79218e-11
0.487 0.002 1.12e-09 4.82739e-11
0.4872 0.002 1.09e-09 6.35959e-11
0.4874 0.002 7.9e-10 8.54893e-11
0.4876 0.002 1e-09 1.1619e-10
0.4878 0.002 1.12e-09 1.58767e-10
0.488 0.002 1.29e-09 2.17373e-10
0.4882 0.002 1.45e-09 2.97544e-10
0.4884 0.002 1.53e-09 4.0655e-10
0.4886 0.002 1.94e-09 5.53732e-10
0.4888 0.002 2.3e-09 7.50752e-10
0.489 0.002 2.81e-09 1.01158e-09
0.4892 0.002 2.77e-09 1.35199e-09
0.4894 0.002 3.26e-09 1.7881e-09
0.4896 0.002 3.75e-09 2.33383e-09
0.4898 0.002 4.07e-09 2.99686e-09
0.49 0.002 4.89e-09 3.77386e-09
0.4902 0.002 5.45e-09 4.64638e-09
0.4904 0.002 5.7e-09 5.57945e-09
0.4906 0.002 6.21e-09 6.52509e-09
0.4908 0.002 6.78e-09 7.43043e-09
0.491 0.002 7.23e-09 8.24802e-09
0.4912 0.002 8.17e-09 8.94417e-09
0.4914 0.002 8.52e-09 9.50245e-09
0.4916 0.002 8.93e-09 9.92235e-09
0.4918 0.002 9.5e-09 1.02147e-08
0.492 0.002 1.01e-08 1.03966e-08
0.4922 0.002 1.07e-08 1.04869e-08
0.4924 0.002 1.13e-08 1.05039e-08
0.4926 0.002 1.22e-08 1.04633e-08
0.4928 0.002 1.24e-08 1.03782e-08
0.493 0.002 1.33e-08 1.0259e-08
0.4932 0.002 1.38e-08 1.01139e-08
0.4934 0.002 1.43e-08 9.949e-09
0.4936 0.002 1.48e-08 9.76888e-09
0.4938 0.002 1.54e-08 9.57708e-09
0.494 0.002 1.56e-08 9.37621e-09
0.4942 0.002 1.61e-08 9.16821e-09
0.4944 0.002 1.62e-08 8.95456e-09
0.4946 0.002 1.66e-08 8.73637e-09
0.4948 0.002 1.64e-08 8.51449e-09
0.495 0.002 1.65e-08 8.28956e-09
0.4952 0.002 1.65e-08 8.06209e-09
0.4954 0.002 1.63e-08 7.83247e-09
0.4956 0.002 1.62e-08 7.60102e-09
0.4958 0.002 1.56e-08 7.36799e-09
0.496 0.002 1.55e-08 7.13359e-09
0.4962 0.002 1.48e-08 6.89799e-09
0.4964 0.002 1.44e-08 6.66135e-09
0.4966 0.002 1.39e-08 6.42379e-09
0.4968 0.002 1.35e-08 6.18543e-09
0.497 0.002 1.26e-08 5.94638e-09
0.4972 0.002 1.23e-08 5.70675e-09
0.4974 0.002 1.12e-08 5.46664e-09
0.4976 0.002 1.1e-08 5.22617e-09
0.4978 0.002 9.92e-09 4.98546e-09
0.498 0.002 9.5e-09 4.74467e-09
0.4982 0.002 9.01e-09 4.50395e-09
0.4984 0.002 8.41e-09 4.2635e-09
0.4986 0.002 7.92e-09 4.02357e-09
0.4988 0.002 7.32e-09 3.78445e-09
0.499 0.002 6.82e-09 3.54651e-09
0.4992 0.002 6.74e-09 3.31018e-09
0.4994 0.002 6.55e-09 3.076e-09
0.4996 0.002 6.14e-09 2.84459e-09
0.4998 0.002 5.59e-09 2.61671e-09
0.5 0.002 5.81e-09 2.39323e-09
0.5002 0.002 5.41e-09 2.17512e-09
0.5004 0.002 5.21e-09 1.9635e-09
0.5006 0.002 4.8e-09 1.75952e-09
0.5008 0.002 4.72e-09 1.56443e-09
0.501 0.002 4.88e-09 1.37944e-09
0.5012 0.002 4.61e-09 1.20572e-09
0.5014 0.002 4.62e-09 1.0443e-09
0.5016 0.002 4.26e-09 8.96014e-10
0.5018 0.002 4.18e-09 7.61434e-10
0.502 0.002 4.39e-09 6.4083e-10
0.5022 0.002 4.2e-09 5.34151e-10
0.5024 0.002 4.36e-09 4.41025e-10
0.5026 0.002 4.38e-09 3.60796e-10
0.5028 0.002 4.01e-09 2.92571e-10
0.503 0.002 4.09e-09 2.35291e-10
0.5032 0.002 4.2e-09 1.87797e-10
0.5034 0.002 4.12e-09 1.48926e-10
0.5036 0.002 4.19e-09 1.17682e-10
0.5038 0.002 4.25e-09 9.38519e-11
0.504 0.002 4.18e-09 7.99505e-11
0.5042 0.002 4.35e-09 8.43997e-11
0.5044 0.002 4.57e-09 1.20511e-10
0.5046 0.002 4.68e-09 1.98795e-10
0.5048 0.002 4.64e-09 3.22875e-10
0.505 0.002 4.62e-09 4.92108e-10
0.5052 0.002 4.67e-09 7.04697e-10
0.5054 0.002 4.54e-09 9.58994e-10
0.5056 0.002 4.44e-09 1.25376e-09
0.5058 0.002 4.93e-09 1.58793e-09
0.506 0.002 4.91e-09 1.95967e-09
0.5062 0.002 5.06e-09 2.36391e-09
0.5064 0.002 5.04e-09 2.79044e-09
0.5066 0.002 5.57e-09 3.2285e-09
0.5068 0.002 5.66e-09 3.67359e-09
0.507 0.002 5.69e-09 4.12811e-09
0.5072 0.002 6.28e-09 4.59846e-09
0.5074 0.002 6.35e-09 5.09344e-09
0.5076 0.002 6.64e-09 5.6239e-09
0.5078 0.002 6.82e-09 6.20286e-09
0.508 0.002 7.24e-09 6.8454e-09
0.5082 0.002 7.8e-09 7.56787e-09
0.5084 0.002 8.29e-09 8.38611e-09
0.5086 0.002 8.95e-09 9.3123e-09
0.5088 0.002 9.27e-09 1.03506e-08
0.509 0.002 9.78e-09 1.14922e-08
0.5092 0.002 1.08e-08 1.27123e-08
0.5094 0.002 1.13e-08 1.39704e-08
0.5096 0.002 1.26e-08 1.52154e-08
0.5098 0.002 1.35e-08 1.63955e-08
0.51 0.002 1.48e-08 1.74681e-08
0.5102 0.002 1.54e-08 1.8406e-08
0.5104 0.002 1.69e-08 1.91997e-08
0.5106 0.002 1.77e-08 1.98538e-08
0.5108 0.002 1.84e-08 2.03821e-08
0.511 0.002 1.98e-08 2.0803e-08
0.5112 0.002 2.01e-08 2.11356e-08
0.5114 0.002 2.16e-08 2.13972e-08
0.5116 0.002 2.22e-08 2.16027e-08
0.5118 0.002 2.32e-08 2.17642e-08
0.512 0.002 2.39e-08 2.18913e-08
0.5122 0.002 2.51e-08 2.19914e-08
0.5124 0.002 2.53e-08 2.20699e-08
0.5126 0.002 2.63e-08 2.21312e-08
0.5128 0.002 2.67e-08 2.21784e-08
0.513 0.002 2.74e-08 2.2214e-08
0.5132 0.002 2.75e-08 2.22397e-08
0.5134 0.002 2.82e-08 2.22571e-08
0.5136 0.002 2.79e-08 2.2267e-08
0.5138 0.002 2.85e-08 2.22704e-08
0.514 0.002 2.8e-08 2.22678e-08
0.5142 0.002 2.84e-08 2.22599e-08
0.5144 0.002 2.8e-08 2.22471e-08
0.5146 0.002 2.81e-08 2.22296e-08
0.5148 0.002 2.76e-08 2.22078e-08
0.515 0.002 2.79e-08 2.21819e-08
0.5152 0.002 2.71e-08 2.21521e-08
0.5154 0.002 2.71e-08 2.21187e-08
0.5156 0.002 2.68e-08 2.20819e-08
0.5158 0.002 2.66e-08 2.20417e-08
0.516 0.002 2.65e-08 2.19983e-08
0.5162 0.002 2.58e-08 2.19519e-08
0.5164 0.002 2.58e-08 2.19027e-08
0.5166 0.002 2.54e-08 2.18508e-08
0.5168 0.002 2.52e-08 2.17963e-08
0.517 0.002 2.48e-08 2.17396e-08
0.5172 0.002 2.47e-08 2.16807e-08
0.5174 0.002 2.44e-08 2.162e-08
0.5176 0.002 2.41e-08 2.15577e-08
0.5178 0.002 2.37e-08 2.14943e-08
0.518 0.002 2.38e-08 2.14301e-08
0.5182 0.002 2.32e-08 2.13657e-08
0.5184 0.002 2.35e-08 2.13016e-08
0.5186 0.002 2.28e-08 2.12386e-08
0.5188 0.002 2.29e-08 2.11775e-08
0.519 0.002 2.26e-08 2.11193e-08
0.5192 0.002 2.24e-08 2.1065e-08
0.5194 0.002 2.21e-08 2.10157e-08
0.5196 0.002 2.21e-08 2.09728e-08
0.5198 0.002 2.14e-08 2.09375e-08
0.52 0.002 2.17e-08 2.09109e-08
0.5202 0.002 2.12e-08 2.08944e-08
0.5204 0.002 2.1e-08 2.08887e-08
0.5206 0.002 2.08e-08 2.08948e-08
0.5208 0.002 2.06e-08 2.09132e-08
0.521 0.002 2.03e-08 2.09438e-08
0.5212 0.002 1.91e-08 2.09868e-08
0.5214 0.002 1.92e-08 2.10415e-08
0.5216 0.002 1.87e-08 2.11072e-08
0.5218 0.002 1.89e-08 2.1183e-08
0.522 0.002 1.85e-08 2.12678e-08
0.5222 0.002 1.85e-08 2.13605e-08
0.5224 0.002 1.83e-08 2.14599e-08
0.5226 0.002 1.96e-08 2.15648e-08
0.5228 0.002 1.91e-08 2.16742e-08
0.523 0.002 1.97e-08 2.17873e-08
0.5232 0.002 1.91e-08 2.19032e-08
0.5234 0.002 1.96e-08 2.20212e-08
0.5236 0.002 1.93e-08 2.21409e-08
0.5238 0.002 1.96e-08 2.2262e-08
0.524 0.002 1.95e-08 2.23843e-08
0.5242 0.002 1.98e-08 2.25077e-08
0.5244 0.002 1.97e-08 2.26325e-08
0.5246 0.002 2.01e-08 2.27591e-08
0.5248 0.002 2.01e-08 2.28881e-08
0.525 0.002 2.04e-08 2.30206e-08
0.5252 0.002 2.06e-08 2.31581e-08
0.5254 0.002 2.1e-08 2.33028e-08
0.5256 0.002 2.13e-08 2.34574e-08
0.5258 0.002 2.13e-08 2.36259e-08
0.526 0.002 2.21e-08 2.38136e-08
0.5262 0.002 2.21e-08 2.40272e-08
0.5264 0.002 2.28e-08 2.42757e-08
0.5266 0.002 2.3e-08 2.45702e-08
0.5268 0.002 2.36e-08 2.49242e-08
0.527 0.002 2.41e-08 2.53533e-08
0.5272 0.002 2.47e-08 2.58735e-08
0.5274 0.002 2.48e-08 2.64997e-08
0.5276 0.002 2.6e-08 2.72413e-08
0.5278 0.002 2.63e-08 2.80978e-08
0.528 0.002 2.72e-08 2.90544e-08
0.5282 0.002 2.76e-08 3.00796e-08
0.5284 0.002 2.88e-08 3.11278e-08
0.5286 0.002 2.9e-08 3.21462e-08
0.5288 0.002 3.01e-08 3.30855e-08
0.529 0.002 3.08e-08 3.39084e-08
0.5292 0.002 3.17e-08 3.45948e-08
0.5294 0.002 3.24e-08 3.51408e-08
0.5296 0.002 3.36e-08 3.55554e-08
0.5298 0.002 3.42e-08 3.58545e-08
0.53 0.002 3.55e-08 3.60572e-08
0.5302 0.002 3.64e-08 3.61818e-08
0.5304 0.002 3.71e-08 3.62448e-08
0.5306 0.002 3.84e-08 3.62598e-08
0.5308 0.002 3.89e-08 3.6238e-08
0.531 0.002 3.98e-08 3.61878e-08
0.5312 0.002 4.01e-08 3.61158e-08
0.5314 0.002 4.1e-08 3.6027e-08
0.5316 0.002 4.11e-08 3.5925e-08
0.5318 0.002 4.16e-08 3.58127e-08
0.532 0.002 4.18e-08 3.56922e-08
0.5322 0.002 4.22e-08 3.5565e-08
0.5324 0.002 4.18e-08 3.54323e-08
0.5326 0.002 4.24e-08 3.52951e-08
0.5328 0.002 4.2e-08 3.5154e-08
0.533 0.002 4.23e-08 3.50096e-08
0.5332 0.002 4.15e-08 3.48623e-08
0.5334 0.002 3.93e-08 3.47124e-08
0.5336 0.002 3.85e-08 3.45602e-08
0.5338 0.002 3.81e-08 3.4406e-08
0.534 0.002 3.72e-08 3.42498e-08
0.5342 0.002 3.65e-08 3.4092e-08
0.5344 0.002 3.52e-08 3.39326e-08
0.5346 0.002 3.47e-08 3.37717e-08
0.5348 0.002 3.32e-08 3.36095e-08
0.535 0.002 3.29e-08 3.34461e-08
0.5352 0.002 3.2e-08 3.32816e-08
0.5354 0.002 3.05e-08 3.31162e-08
0.5356 0.002 3.01e-08 3.29498e-08
0.5358 0.002 2.98e-08 3.27828e-08
0.536 0.002 3.07e-08 3.26152e-08
0.5362 0.002 2.98e-08 3.24473e-08
0.5364 0.002 2.72e-08 3.22793e-08
0.5366 0.002 2.9e-08 3.21115e-08
0.5368 0.002 2.85e-08 3.19442e-08
0.537 0.002 2.78e-08 3.17779e-08
0.5372 0.002 2.8e-08 3.16131e-08
0.5374 0.002 2.74e-08 3.14504e-08
0.5376 0.002 2.76e-08 3.12905e-08
0.5378 0.002 2.7e-08 3.11343e-08
0.538 0.002 2.72e-08 3.09827e-08
0.5382 0.002 2.68e-08 3.08369e-08
0.5384 0.002 2.68e-08 3.06979e-08
0.5386 0.002 2.66e-08 3.05671e-08
0.5388 0.002 2.64e-08 3.04456e-08
0.539 0.002 2.45e-08 3.03346e-08
0.5392 0.002 2.43e-08 3.02353e-08
0.5394 0.002 2.45e-08 3.01484e-08
0.5396 0.002 2.52e-08 3.00747e-08
0.5398 0.002 2.66e-08 3.00145e-08
0.54 0.002 2.64e-08 2.99678e-08
0.5402 0.002 2.66e-08 2.99343e-08
0.5404 0.002 2.65e-08 2.99134e-08
0.5406 0.002 2.68e-08 2.99043e-08
0.5408 0.002 2.65e-08 2.99059e-08
0.541 0.002 2.7e-08 2.99171e-08
0.5412 0.002 2.69e-08 2.99368e-08
0.5414 0.002 2.69e-08 2.99637e-08
0.5416 0.002 2.71e-08 2.99967e-08
0.5418 0.002 2.74e-08 3.00349e-08
0.542 0.002 2.72e-08 3.00773e-08
0.5422 0.002 2.79e-08 3.01232e-08
0.5424 0.002 2.75e-08 3.0172e-08
0.5426 0.002 2.81e-08 3.02232e-08
0.5428 0.002 2.79e-08 3.02766e-08
0.543 0.002 2.84e-08 3.0332e-08
0.5432 0.002 2.83e-08 3.03895e-08
0.5434 0.002 2.9e-08 3.04493e-08
0.5436 0.002 2.9e-08 3.05119e-08
0.5438 0.002 2.9e-08 3.05782e-08
0.544 0.002 2.96e-08 3.06493e-08
0.5442 0.002 2.96e-08 3.0727e-08
0.5444 0.002 2.99e-08 3.08135e-08
0.5446 0.002 3e-08 3.09122e-08
0.5448 0.002 3.05e-08 3.10274e-08
0.545 0.002 3.04e-08 3.1165e-08
0.5452 0.002 3.09e-08 3.13324e-08
0.5454 0.002 3.07e-08 3.15395e-08
0.5456 0.002 3.14e-08 3.17983e-08
0.5458 0.002 3.12e-08 3.21231e-08
0.546 0.002 3.19e-08 3.253e-08
0.5462 0.002 3.21e-08 3.30349e-08
0.5464 0.002 3.26e-08 3.36509e-08
0.5466 0.002 3.24e-08 3.43842e-08
0.5468 0.002 3.35e-08 3.52292e-08
0.547 0.002 3.31e-08 3.61646e-08
0.5472 0.002 3.41e-08 3.71528e-08
0.5474 0.002 3.42e-08 3.81443e-08
0.5476 0.002 3.5e-08 3.90865e-08
0.5478 0.002 3.51e-08 3.99338e-08
0.548 0.002 3.65e-08 4.06553e-08
0.5482 0.002 3.64e-08 4.12375e-08
0.5484 0.002 3.73e-08 4.16822e-08
0.5486 0.002 3.87e-08 4.20017e-08
0.5488 0.002 3.89e-08 4.22136e-08
0.549 0.002 4.04e-08 4.23368e-08
0.5492 0.002 4.12e-08 4.23893e-08
0.5494 0.002 4.25e-08 4.23863e-08
0.5496 0.002 4.31e-08 4.23406e-08
0.5498 0.002 4.51e-08 4.2262e-08
