0.3502 0.002 2.63e-10 7.17298e-19
0.3504 0.002 1.41e-10 7.46571e-19
0.3506 0.002 2.98e-10 7.77039e-19
0.3508 0.002 3.73e-10 8.08751e-19
0.351 0.002 2.53e-10 8.41757e-19
0.3512 0.002 2.17e-10 8.76109e-19
0.3514 0.002 4.78e-10 9.11864e-19
0.3516 0.002 2.69e-10 9.49078e-19
0.3518 0.002 2.44e-10 9.87811e-19
0.352 0.002 4.34e-10 1.02812e-18
0.3522 0.002 4.21e-11 1.07008e-18
0.3524 0.002 4.48e-10 1.11375e-18
0.3526 0.002 1.38e-10 1.15921e-18
0.3528 0.002 5.4e-10 1.20651e-18
0.353 0.002 1.86e-10 1.25575e-18
0.3532 0.002 4.39e-11 1.307e-18
0.3534 0.002 3.49e-10 1.36034e-18
0.3536 0.002 2.67e-10 1.41586e-18
0.3538 0.002 4.67e-10 1.47364e-18
0.354 0.002 1.7e-10 1.53378e-18
0.3542 0.002 7.01e-11 1.59638e-18
0.3544 0.002 5.11e-11 1.66152e-18
0.3546 0.002 9.23e-11 1.72933e-18
0.3548 0.002 2.31e-11 1.79991e-18
0.355 0.002 2.96e-10 1.87336e-18
0.3552 0.002 3.11e-11 1.94982e-18
0.3554 0.002 2.29e-10 2.02939e-18
0.3556 0.002 4.96e-10 2.11221e-18
0.3558 0.002 2.08e-10 2.19841e-18
0.356 0.002 8.36e-11 2.28813e-18
0.3562 0.002 1.45e-10 2.38151e-18
0.3564 0.002 2.14e-10 2.4787e-18
0.3566 0.002 1.35e-10 2.57986e-18
0.3568 0.002 2.62e-10 2.68515e-18
0.357 0.002 5.23e-10 2.79473e-18
0.3572 0.002 1.9e-10 2.90879e-18
0.3574 0.002 2.42e-10 3.0275e-18
0.3576 0.002 3.07e-10 3.15105e-18
0.3578 0.002 6.77e-10 3.27965e-18
0.358 0.002 1.99e-10 3.41349e-18
0.3582 0.002 4.3e-11 3.5528e-18
0.3584 0.002 3.58e-11 3.69779e-18
0.3586 0.002 2.22e-10 3.8487e-18
0.3588 0.002 2.09e-10 4.00577e-18
0.359 0.002 1e-10 4.16925e-18
0.3592 0.002 5.56e-10 4.3394e-18
0.3594 0.002 2.48e-10 4.51649e-18
0.3596 0.002 1.15e-11 4.70081e-18
0.3598 0.002 2.74e-10 4.89266e-18
0.36 0.002 2.12e-10 5.09233e-18
0.3602 0.002 2.75e-10 5.30015e-18
0.3604 0.002 3.4e-10 5.51646e-18
0.3606 0.002 2.83e-10 5.74159e-18
0.3608 0.002 1.75e-10 5.97591e-18
0.361 0.002 1.05e-10 6.21979e-18
0.3612 0.002 3.75e-10 6.47362e-18
0.3616 0.002 3.63e-10 7.01279e-18
0.3618 0.002 1.49e-10 7.29899e-18
0.362 0.002 5.83e-10 7.59686e-18
0.3622 0.002 2.99e-11 7.9069e-18
0.3624 0.002 8.25e-11 8.22959e-18
0.3626 0.002 1.09e-10 8.56544e-18
0.3628 0.002 2.43e-10 8.915e-18
0.363 0.002 2.44e-10 9.27883e-18
0.3632 0.002 5.58e-11 9.65751e-18
0.3634 0.002 2.99e-10 1.00516e-17
0.3636 0.002 2.88e-10 1.04619e-17
0.3638 0.002 2.22e-10 1.08888e-17
0.364 0.002 2.07e-10 1.13332e-17
0.3642 0.002 2.97e-10 1.17957e-17
0.3644 0.002 4.71e-11 1.22771e-17
0.3646 0.002 5.58e-11 1.27781e-17
0.3648 0.002 2.65e-11 1.32996e-17
0.365 0.002 1.25e-10 1.38424e-17
0.3652 0.002 4.91e-11 1.44073e-17
0.3654 0.002 9.58e-11 1.49953e-17
0.3656 0.002 1.01e-10 1.56073e-17
0.3658 0.002 1.72e-10 1.62442e-17
0.366 0.002 2.77e-10 1.69071e-17
0.3662 0.002 5.5e-11 1.75971e-17
0.3664 0.002 3.34e-10 1.83153e-17
0.3666 0.002 1.16e-10 1.90627e-17
0.3668 0.002 1.57e-10 1.98407e-17
0.367 0.002 4.51e-11 2.06504e-17
0.3672 0.002 2.44e-10 2.14932e-17
0.3674 0.002 2.44e-10 2.23703e-17
0.3676 0.002 3.22e-10 2.32833e-17
0.3678 0.002 5.71e-10 2.42335e-17
0.368 0.002 1.77e-10 2.52225e-17
0.3682 0.002 5.34e-10 2.62518e-17
0.3684 0.002 1.67e-10 2.73232e-17
0.3686 0.002 1.88e-10 2.84383e-17
0.3688 0.002 2.27e-10 2.95989e-17
0.369 0.002 1.45e-10 3.08068e-17
0.3692 0.002 4.48e-10 3.20641e-17
0.3694 0.002 3.94e-10 3.33726e-17
0.3696 0.002 2.47e-10 3.47346e-17
0.3698 0.002 3.24e-10 3.61521e-17
0.37 0.002 2.56e-10 3.76275e-17
0.3702 0.002 1.98e-10 3.91631e-17
0.3704 0.002 9.72e-11 4.07614e-17
0.3706 0.002 5.1e-11 4.24249e-17
0.3708 0.002 1e-10 4.41563e-17
0.371 0.002 2.45e-10 4.59584e-17
0.3714 0.002 5.33e-10 4.97861e-17
0.3716 0.002 8.49e-11 5.18179e-17
0.3718 0.002 8.13e-11 5.39326e-17
0.372 0.002 5.31e-10 5.61337e-17
0.3722 0.002 8.12e-11 5.84245e-17
0.3724 0.002 2.87e-10 6.08089e-17
0.3726 0.002 1.04e-10 6.32905e-17
0.3728 0.002 1.51e-10 6.58735e-17
0.373 0.002 1.25e-10 6.85618e-17
0.3732 0.002 3.35e-11 7.13599e-17
0.3734 0.002 2.12e-10 7.42721e-17
0.3736 0.002 1.82e-10 7.73032e-17
0.3738 0.002 2.6e-10 8.0458e-17
0.374 0.002 3.14e-10 8.37416e-17
0.3742 0.002 3.47e-10 8.71591e-17
0.3744 0.002 1.86e-10 9.07162e-17
0.3746 0.002 2.01e-10 9.44184e-17
0.3748 0.002 2.31e-10 9.82717e-17
0.375 0.002 3.54e-10 1.02282e-16
0.3752 0.002 3.26e-11 1.06456e-16
0.3754 0.002 1.68e-10 1.10801e-16
0.3756 0.002 1.13e-10 1.15323e-16
0.3758 0.002 2.57e-10 1.20029e-16
0.376 0.002 1.03e-10 1.24928e-16
0.3762 0.002 2.59e-10 1.30026e-16
0.3764 0.002 2.24e-10 1.35333e-16
0.3766 0.002 1.31e-10 1.40856e-16
0.3768 0.002 7.71e-11 1.46604e-16
0.377 0.002 6.12e-11 1.52587e-16
0.3772 0.002 5.32e-10 1.58814e-16
0.3774 0.002 5.43e-11 1.65296e-16
0.3776 0.002 1.46e-10 1.72041e-16
0.3778 0.002 6.6e-10 1.79063e-16
0.378 0.002 2.13e-10 1.8637e-16
0.3782 0.002 6.46e-10 1.93976e-16
0.3784 0.002 2.27e-10 2.01893e-16
0.3786 0.002 5.34e-10 2.10132e-16
0.3788 0.002 1.82e-10 2.18708e-16
0.379 0.002 7.65e-11 2.27633e-16
0.3792 0.002 7.95e-11 2.36923e-16
0.3794 0.002 3.25e-10 2.46592e-16
0.3796 0.002 4.23e-10 2.56656e-16
0.3798 0.002 3.58e-10 2.6713e-16
0.38 0.002 6.67e-10 2.78032e-16
0.3802 0.002 2.73e-10 2.89378e-16
0.3804 0.002 1.95e-10 3.01188e-16
0.3806 0.002 4.43e-10 3.1348e-16
0.3808 0.002 3.8e-11 3.26273e-16
0.381 0.002 2.78e-10 3.39589e-16
0.3812 0.002 6.28e-11 3.53448e-16
0.3814 0.002 1.52e-10 3.67872e-16
0.3816 0.002 4.59e-10 3.82885e-16
0.3818 0.002 2.96e-10 3.98511e-16
0.382 0.002 2.26e-10 4.14775e-16
0.3822 0.002 2.67e-11 4.31702e-16
0.3824 0.002 5.9e-11 4.4932e-16
0.3826 0.002 3.7e-10 4.67657e-16
0.3828 0.002 4.94e-10 4.86743e-16
0.383 0.002 9.82e-11 5.06607e-16
0.3834 0.002 1.16e-10 5.48801e-16
0.3836 0.002 5.31e-11 5.71198e-16
0.3838 0.002 3.45e-10 5.94509e-16
0.384 0.002 8.16e-11 6.18771e-16
0.3842 0.002 4.16e-11 6.44024e-16
0.3844 0.002 9.05e-11 6.70307e-16
0.3846 0.002 4.4e-10 6.97662e-16
0.3848 0.002 7.15e-11 7.26134e-16
0.385 0.002 3.24e-10 7.55769e-16
0.3852 0.002 3.02e-10 7.86612e-16
0.3854 0.002 5.51e-11 8.18714e-16
0.3856 0.002 3.48e-10 8.52127e-16
0.3858 0.002 7.22e-10 8.86903e-16
0.386 0.002 2.69e-10 9.23098e-16
0.3862 0.002 2.28e-10 9.6077e-16
0.3864 0.002 3.17e-10 9.9998e-16
0.3866 0.002 1.02e-10 1.04079e-15
0.387 0.002 2.05e-11 1.12747e-15
0.3872 0.002 3.04e-10 1.17349e-15
0.3874 0.002 2.07e-10 1.22138e-15
0.3876 0.002 4.37e-10 1.27122e-15
0.3878 0.002 2.85e-10 1.3231e-15
0.388 0.002 3.68e-10 1.3771e-15
0.3882 0.002 2.71e-10 1.4333e-15
0.3884 0.002 4.85e-10 1.49179e-15
0.3886 0.002 2.62e-10 1.55268e-15
0.3888 0.002 7.75e-11 1.61604e-15
0.389 0.002 1.02e-10 1.68199e-15
0.3892 0.002 9.75e-11 1.75064e-15
0.3894 0.002 3.05e-10 1.82208e-15
0.3896 0.002 2.24e-10 1.89644e-15
0.3898 0.002 2.87e-11 1.97384e-15
0.39 0.002 3.8e-10 2.05439e-15
0.3902 0.002 3.12e-10 2.13823e-15
0.3904 0.002 2.68e-10 2.22549e-15
0.3906 0.002 2.46e-10 2.31632e-15
0.3908 0.002 5.74e-10 2.41085e-15
0.391 0.002 2.19e-10 2.50924e-15
0.3912 0.002 4.3e-10 2.61164e-15
0.3914 0.002 5.09e-11 2.71822e-15
0.3916 0.002 3.76e-10 2.82916e-15
0.3918 0.002 3.32e-10 2.94462e-15
0.392 0.002 3.66e-10 3.06479e-15
0.3922 0.002 3.67e-10 3.18987e-15
0.3924 0.002 3.17e-10 3.32005e-15
0.3926 0.002 4.99e-10 3.45554e-15
0.3928 0.002 4.06e-10 3.59656e-15
0.393 0.002 3.33e-10 3.74334e-15
0.3932 0.002 9.32e-11 3.89611e-15
0.3934 0.002 4.02e-11 4.05511e-15
0.3936 0.002 9e-11 4.2206e-15
0.3938 0.002 7.58e-11 4.39285e-15
0.394 0.002 5.32e-11 4.57212e-15
0.3942 0.002 2.24e-10 4.75872e-15
0.3944 0.002 9.43e-11 4.95292e-15
0.3946 0.002 1.42e-10 5.15505e-15
0.3948 0.002 4.77e-10 5.36544e-15
0.395 0.002 2.32e-10 5.5844e-15
0.3952 0.002 1.82e-10 5.81231e-15
0.3954 0.002 3.49e-10 6.04951e-15
0.3956 0.002 2.39e-10 6.29639e-15
0.3958 0.002 1.08e-10 6.55335e-15
0.396 0.002 1.27e-10 6.8208e-15
0.3962 0.002 3.55e-10 7.09916e-15
0.3964 0.002 1.31e-10 7.38888e-15
0.3966 0.002 2.24e-10 7.69043e-15
0.3968 0.002 3.16e-10 8.00428e-15
0.397 0.002 2.85e-10 8.33094e-15
0.3972 0.002 6.87e-11 8.67093e-15
0.3974 0.002 2.7e-10 9.02479e-15
0.3976 0.002 2.79e-11 9.3931e-15
0.3978 0.002 2.47e-10 9.77644e-15
0.398 0.002 9.29e-11 1.01754e-14
0.3982 0.002 1.51e-10 1.05907e-14
0.3984 0.002 6.09e-10 1.10229e-14
0.3986 0.002 2.69e-10 1.14727e-14
0.3988 0.002 2.58e-10 1.1941e-14
0.399 0.002 1.47e-10 1.24283e-14
0.3992 0.002 3.19e-10 1.29355e-14
0.3994 0.002 4.35e-11 1.34634e-14
0.3996 0.002 2.71e-10 1.40128e-14
0.3998 0.002 1.04e-11 1.45847e-14
0.4 0.002 4.44e-10 1.51799e-14
0.4002 0.002 3.9e-11 1.57994e-14
0.4004 0.002 2.9e-10 1.64442e-14
0.4006 0.002 5.85e-10 1.71153e-14
0.4008 0.002 3.27e-10 1.78138e-14
0.401 0.002 3.03e-10 1.85407e-14
0.4012 0.002 5.67e-10 1.92974e-14
0.4014 0.002 1.54e-10 2.00849e-14
0.4016 0.002 3.64e-10 2.09046e-14
0.402 0.002 4.51e-10 2.26457e-14
0.4022 0.002 6.13e-11 2.35698e-14
0.4024 0.002 3.66e-10 2.45317e-14
0.4026 0.002 1.86e-10 2.55329e-14
0.4028 0.002 2.71e-10 2.65749e-14
0.403 0.002 5.21e-10 2.76594e-14
0.4032 0.002 2.97e-10 2.87882e-14
0.4034 0.002 3.75e-10 2.9963e-14
0.4036 0.002 7.78e-11 3.11858e-14
0.4038 0.002 1.91e-10 3.24585e-14
0.404 0.002 1.97e-10 3.37832e-14
0.4042 0.002 3.45e-10 3.51619e-14
0.4044 0.002 1.28e-10 3.65968e-14
0.4046 0.002 1.43e-10 3.80903e-14
0.4048 0.002 1.79e-10 3.96448e-14
0.405 0.002 3.78e-10 4.12627e-14
0.4052 0.002 3.88e-10 4.29466e-14
0.4054 0.002 8.81e-11 4.46993e-14
0.4056 0.002 2.4e-10 4.65234e-14
0.4058 0.002 2.27e-10 4.8422e-14
0.406 0.002 2.99e-10 5.03981e-14
0.4062 0.002 4.91e-10 5.24549e-14
0.4064 0.002 3.27e-10 5.45955e-14
0.4066 0.002 8.75e-11 5.68235e-14
0.4068 0.002 3.07e-10 5.91425e-14
0.407 0.002 3.84e-10 6.15561e-14
0.4072 0.002 2.07e-10 6.40681e-14
0.4074 0.002 4.58e-10 6.66827e-14
0.4076 0.002 6.26e-11 6.9404e-14
0.4078 0.002 1.59e-11 7.22363e-14
0.408 0.002 1.46e-10 7.51842e-14
0.4082 0.002 1.03e-10 7.82524e-14
0.4084 0.002 1.81e-10 8.14458e-14
0.4086 0.002 2.08e-10 8.47695e-14
0.409 0.002 3.74e-10 9.18294e-14
0.4092 0.002 8.08e-11 9.55768e-14
0.4094 0.002 2.96e-10 9.94772e-14
0.4096 0.002 4.05e-10 1.03537e-13
0.4098 0.002 3.02e-10 1.07762e-13
0.41 0.002 1.16e-10 1.12159e-13
0.4102 0.002 1.84e-10 1.16737e-13
0.4104 0.002 1.04e-10 1.215e-13
0.4106 0.002 6.45e-10 1.26459e-13
0.4108 0.002 2.29e-10 1.31619e-13
0.411 0.002 4.18e-10 1.3699e-13
0.4112 0.002 1.58e-10 1.4258e-13
0.4114 0.002 1.89e-10 1.48399e-13
0.4116 0.002 3.28e-10 1.54455e-13
0.4118 0.002 8.01e-11 1.60757e-13
0.412 0.002 2.05e-10 1.67317e-13
0.4122 0.002 2.27e-10 1.74145e-13
0.4124 0.002 1.41e-10 1.81252e-13
0.4126 0.002 2.52e-10 1.88648e-13
0.4128 0.002 6.7e-10 1.96346e-13
0.413 0.002 1.55e-10 2.04358e-13
0.4132 0.002 2.99e-10 2.12697e-13
0.4134 0.002 5.04e-10 2.21376e-13
0.4136 0.002 1.78e-11 2.3041e-13
0.4138 0.002 2.94e-10 2.39812e-13
0.414 0.002 6.28e-11 2.49598e-13
0.4142 0.002 5.39e-10 2.59783e-13
0.4144 0.002 6.15e-11 2.70383e-13
0.4146 0.002 7.97e-11 2.81416e-13
0.4148 0.002 3.84e-11 2.92899e-13
0.415 0.002 4.79e-10 3.0485e-13
0.4152 0.002 1.73e-10 3.1729e-13
0.4154 0.002 1.82e-10 3.30236e-13
0.4156 0.002 4.66e-10 3.43711e-13
0.4158 0.002 1.9e-10 3.57735e-13
0.416 0.002 2.89e-11 3.72332e-13
0.4162 0.002 1.77e-10 3.87524e-13
0.4164 0.002 3.23e-10 4.03336e-13
0.4166 0.002 5.59e-11 4.19793e-13
0.4168 0.002 1.61e-10 4.36921e-13
0.417 0.002 6.36e-10 4.54748e-13
0.4172 0.002 3.52e-10 4.73302e-13
0.4174 0.002 4.06e-10 4.92613e-13
0.4176 0.002 1.88e-10 5.12711e-13
0.4178 0.002 4.24e-10 5.3363e-13
0.418 0.002 1.55e-10 5.55401e-13
0.4182 0.002 1.68e-10 5.78061e-13
0.4184 0.002 1.06e-10 6.01644e-13
0.4186 0.002 2.96e-10 6.2619e-13
0.4188 0.002 1.82e-10 6.51736e-13
0.419 0.002 3.87e-10 6.78325e-13
0.4192 0.002 5.85e-10 7.05998e-13
0.4194 0.002 1.53e-11 7.34799e-13
0.4196 0.002 3.46e-10 7.64775e-13
0.4198 0.002 4.24e-10 7.95973e-13
0.42 0.002 1.48e-10 8.28443e-13
0.4202 0.002 2.22e-10 8.62237e-13
0.4206 0.002 1.27e-10 9.34015e-13
0.4208 0.002 4.76e-10 9.72114e-13
0.421 0.002 2.3e-10 1.01177e-12
0.4212 0.002 2.19e-10 1.05303e-12
0.4214 0.002 4.72e-10 1.09598e-12
0.4216 0.002 2.2e-10 1.14069e-12
0.4218 0.002 1.46e-10 1.18721e-12
0.422 0.002 5.14e-10 1.23563e-12
0.4224 0.002 1.62e-10 1.33847e-12
0.4226 0.002 1.78e-10 1.39305e-12
0.4228 0.002 1.86e-10 1.44986e-12
0.423 0.002 1.31e-11 1.50899e-12
0.4232 0.002 3.44e-11 1.57052e-12
0.4236 0.002 1.62e-10 1.70121e-12
0.4238 0.002 2.24e-10 1.77057e-12
0.4242 0.002 2.2e-10 1.91789e-12
0.4244 0.002 3.31e-10 1.99608e-12
0.4246 0.002 9.33e-11 2.07745e-12
0.4248 0.002 2.7e-10 2.16214e-12
0.425 0.002 5.83e-10 2.25027e-12
0.4252 0.002 3.01e-10 2.34199e-12
0.4254 0.002 5.97e-10 2.43745e-12
0.4256 0.002 2.06e-10 2.53679e-12
0.4258 0.002 6.47e-10 2.64018e-12
0.426 0.002 4.4e-11 2.74777e-12
0.4262 0.002 1.38e-10 2.85974e-12
0.4264 0.002 1.55e-10 2.97627e-12
0.4266 0.002 1.95e-10 3.09754e-12
0.4268 0.002 4.63e-10 3.22374e-12
0.427 0.002 4.3e-10 3.35507e-12
0.4272 0.002 6.73e-10 3.49175e-12
0.4274 0.002 2.42e-10 3.63398e-12
0.4276 0.002 1.99e-10 3.78199e-12
0.4278 0.002 1.81e-10 3.93602e-12
0.428 0.002 3.05e-10 4.09631e-12
0.4282 0.002 8.41e-11 4.26311e-12
0.4284 0.002 5.31e-11 4.43669e-12
0.4286 0.002 4e-10 4.61731e-12
0.4288 0.002 1.06e-10 4.80528e-12
0.429 0.002 3.07e-10 5.00087e-12
0.4292 0.002 8.53e-11 5.20441e-12
0.4294 0.002 2.26e-10 5.4162e-12
0.4296 0.002 1.51e-10 5.63659e-12
0.4298 0.002 1.39e-10 5.86592e-12
0.43 0.002 6.94e-11 6.10455e-12
0.4302 0.002 3.98e-10 6.35286e-12
0.4304 0.002 2.74e-10 6.61123e-12
0.4306 0.002 2.93e-10 6.88007e-12
0.4308 0.002 6.87e-10 7.1598e-12
0.431 0.002 3e-10 7.45086e-12
0.4312 0.002 4.9e-10 7.75371e-12
0.4314 0.002 2.08e-10 8.06881e-12
0.4316 0.002 5.84e-10 8.39666e-12
0.4318 0.002 2.36e-10 8.73778e-12
0.432 0.002 2.54e-10 9.09268e-12
0.4322 0.002 3.11e-10 9.46193e-12
0.4324 0.002 2.24e-10 9.84609e-12
0.4326 0.002 3.68e-10 1.02458e-11
0.4328 0.002 3.58e-10 1.06616e-11
0.433 0.002 6.16e-10 1.10942e-11
0.4332 0.002 7.35e-11 1.15442e-11
0.4334 0.002 3.35e-11 1.20124e-11
0.4336 0.002 4.03e-11 1.24994e-11
0.4338 0.002 1.12e-10 1.30061e-11
0.4342 0.002 8.82e-11 1.40813e-11
0.4344 0.002 5.44e-10 1.46516e-11
0.4346 0.002 4.04e-10 1.52448e-11
0.4348 0.002 1.4e-10 1.58618e-11
0.435 0.002 1.74e-10 1.65036e-11
0.4352 0.002 1.84e-10 1.71711e-11
0.4354 0.002 5.4e-10 1.78653e-11
0.4356 0.002 2.15e-10 1.85873e-11
0.4358 0.002 4.3e-10 1.93382e-11
0.436 0.002 2.59e-10 2.01192e-11
0.4362 0.002 5.3e-10 2.09313e-11
0.4364 0.002 4.71e-10 2.17758e-11
0.4366 0.002 1.91e-10 2.2654e-11
0.4368 0.002 2.99e-10 2.35671e-11
0.437 0.002 2.81e-10 2.45166e-11
0.4374 0.002 1.74e-10 2.65303e-11
0.4376 0.002 1.43e-10 2.75974e-11
0.4378 0.002 6.23e-11 2.87068e-11
0.438 0.002 8.7e-11 2.98601e-11
0.4386 0.002 3.07e-10 3.36004e-11
0.4388 0.002 3.06e-10 3.49467e-11
0.439 0.002 2.26e-10 3.63458e-11
0.4394 0.002 1.88e-10 3.93109e-11
0.4396 0.002 2.54e-11 4.0881e-11
0.4398 0.002 1.64e-10 4.25124e-11
0.44 0.002 3.47e-10 4.42073e-11
0.4402 0.002 2.16e-10 4.59682e-11
0.4404 0.002 6.99e-10 4.77974e-11
0.4406 0.002 9.1e-11 4.96974e-11
0.4408 0.002 4.2e-10 5.1671e-11
0.441 0.002 3.93e-10 5.37206e-11
0.4412 0.002 1.35e-10 5.58491e-11
0.4414 0.002 2.37e-10 5.80593e-11
0.4416 0.002 1.21e-10 6.03541e-11
0.4418 0.002 3.59e-10 6.27366e-11
0.442 0.002 3.78e-11 6.52098e-11
0.4422 0.002 3.53e-10 6.7777e-11
0.4424 0.002 1.03e-10 7.04413e-11
0.4426 0.002 3.27e-10 7.32063e-11
0.4428 0.002 3.5e-10 7.60753e-11
0.443 0.002 3.04e-10 7.9052e-11
0.4432 0.002 2.54e-10 8.21399e-11
0.4434 0.002 1.8e-11 8.53428e-11
0.4436 0.002 2.99e-11 8.86646e-11
0.4438 0.002 9.99e-11 9.21092e-11
0.444 0.002 9.61e-11 9.56806e-11
0.4442 0.002 8.18e-11 9.93829e-11
0.4444 0.002 1.72e-10 1.0322e-10
0.4446 0.002 7.48e-11 1.07197e-10
0.445 0.002 3.54e-10 1.15587e-10
0.4452 0.002 6.18e-11 1.20009e-10
0.4454 0.002 1.41e-10 1.24588e-10
0.4456 0.002 4.17e-10 1.2933e-10
0.4458 0.002 1.87e-11 1.34238e-10
0.446 0.002 1.64e-10 1.39318e-10
0.4462 0.002 3.89e-10 1.44575e-10
0.4464 0.002 2.04e-10 1.50013e-10
0.4466 0.002 2.38e-10 1.55638e-10
0.4468 0.002 5.1e-10 1.61455e-10
0.447 0.002 1.4e-10 1.67468e-10
0.4472 0.002 2e-10 1.73683e-10
0.4474 0.002 8.49e-11 1.80106e-10
0.4476 0.002 1.42e-10 1.8674e-10
0.4478 0.002 9.75e-11 1.93591e-10
0.448 0.002 2.06e-10 2.00664e-10
0.4482 0.002 1.51e-10 2.07965e-10
0.4484 0.002 3.7e-10 2.15498e-10
0.4486 0.002 4.66e-10 2.23268e-10
0.4488 0.002 3.88e-10 2.3128e-10
0.449 0.002 3.14e-10 2.39539e-10
0.4492 0.002 2.62e-10 2.4805e-10
0.4494 0.002 3.39e-10 2.56817e-10
0.4496 0.002 3.54e-10 2.65844e-10
0.4498 0.002 1.52e-10 2.75136e-10
0.45 0.002 1.03e-10 2.84696e-10
0.4502 0.002 1.54e-10 2.9453e-10
0.4504 0.002 7.1e-10 3.04639e-10
0.4506 0.002 2.37e-10 3.15028e-10
0.4508 0.002 3.58e-10 3.257e-10
0.451 0.002 2.47e-10 3.36657e-10
0.4512 0.002 2.5e-11 3.47903e-10
0.4514 0.002 3.15e-10 3.59438e-10
0.4516 0.002 6.11e-11 3.71266e-10
0.4518 0.002 2.92e-10 3.83387e-10
0.452 0.002 2.41e-10 3.95802e-10
0.4522 0.002 2.58e-10 4.08512e-10
0.4524 0.002 1.27e-10 4.21517e-10
0.4526 0.002 6.16e-10 4.34817e-10
0.4528 0.002 2.66e-10 4.48411e-10
0.453 0.002 3.09e-10 4.62297e-10
0.4532 0.002 1.32e-10 4.76473e-10
0.4534 0.002 1.51e-10 4.90937e-10
0.4536 0.002 1.27e-10 5.05687e-10
0.4538 0.002 1.37e-10 5.20718e-10
0.454 0.002 4.93e-11 5.36025e-10
0.4542 0.002 2.2e-10 5.51605e-10
0.4544 0.002 2.92e-10 5.67452e-10
0.4546 0.002 9.68e-11 5.83559e-10
0.4548 0.002 5.07e-10 5.9992e-10
0.455 0.002 2.55e-10 6.16528e-10
0.4552 0.002 2.71e-10 6.33374e-10
0.4554 0.002 2.12e-10 6.5045e-10
0.4556 0.002 4.48e-10 6.67747e-10
0.4558 0.002 1.77e-10 6.85255e-10
0.456 0.002 1.89e-10 7.02964e-10
0.4562 0.002 6.11e-10 7.20863e-10
0.4564 0.002 1.14e-10 7.3894e-10
0.4566 0.002 2.62e-10 7.57183e-10
0.4568 0.002 1.01e-10 7.7558e-10
0.457 0.002 1.34e-10 7.94117e-10
0.4572 0.002 4.35e-10 8.12783e-10
0.4574 0.002 3.11e-10 8.31562e-10
0.4576 0.002 4.35e-10 8.5044e-10
0.4578 0.002 1.75e-10 8.69404e-10
0.458 0.002 2.8e-10 8.88438e-10
0.4582 0.002 3e-10 9.07528e-10
0.4584 0.002 2.43e-10 9.26658e-10
0.4586 0.002 1.32e-10 9.45814e-10
0.4588 0.002 1.74e-10 9.64979e-10
0.459 0.002 1.07e-10 9.8414e-10
0.4592 0.002 4.68e-10 1.00328e-09
0.4594 0.002 2.34e-10 1.02238e-09
0.4596 0.002 7.72e-11 1.04144e-09
0.4598 0.002 2.51e-10 1.06042e-09
0.46 0.002 2.72e-10 1.07933e-09
0.4602 0.002 3.93e-10 1.09814e-09
0.4604 0.002 2.51e-10 1.11684e-09
0.4606 0.002 1.37e-10 1.13542e-09
0.4608 0.002 4.2e-11 1.15386e-09
0.461 0.002 3.42e-10 1.17215e-09
0.4612 0.002 3.71e-10 1.19028e-09
0.4614 0.002 3.2e-10 1.20823e-09
0.4616 0.002 1.23e-10 1.226e-09
0.4618 0.002 3.63e-10 1.24357e-09
0.462 0.002 2.35e-10 1.26094e-09
0.4622 0.002 1.37e-10 1.27808e-09
0.4624 0.002 1.31e-10 1.295e-09
0.4626 0.002 3.59e-11 1.31168e-09
0.4628 0.002 1.22e-10 1.32812e-09
0.463 0.002 1.93e-10 1.3443e-09
0.4632 0.002 4.6e-11 1.36023e-09
0.4634 0.002 1.18e-10 1.37589e-09
0.4636 0.002 2.21e-10 1.39128e-09
0.4638 0.002 6.29e-11 1.4064e-09
0.464 0.002 2.84e-10 1.42123e-09
0.4642 0.002 1.4e-10 1.43579e-09
0.4644 0.002 3.74e-10 1.45005e-09
0.4646 0.002 3.84e-10 1.46403e-09
0.4648 0.002 1.35e-10 1.47771e-09
0.465 0.002 2.29e-10 1.4911e-09
0.4652 0.002 1.52e-10 1.50419e-09
0.4654 0.002 1.01e-10 1.51699e-09
0.4656 0.002 3.12e-10 1.5295e-09
0.4658 0.002 2.54e-10 1.54171e-09
0.466 0.002 4.73e-11 1.55363e-09
0.4662 0.002 7.38e-11 1.56525e-09
0.4664 0.002 2.66e-10 1.57658e-09
0.4666 0.002 5.85e-10 1.58763e-09
0.4668 0.002 6.77e-10 1.59839e-09
0.467 0.002 7.9e-10 1.60886e-09
0.4672 0.002 1.25e-09 1.61906e-09
0.4674 0.002 1.03e-09 1.62897e-09
0.4676 0.002 1.62e-09 1.63862e-09
0.4678 0.002 1.98e-09 1.64799e-09
0.468 0.002 1.92e-09 1.6571e-09
0.4682 0.002 2.44e-09 1.66594e-09
0.4684 0.002 3.09e-09 1.67453e-09
0.4686 0.002 3.62e-09 1.68287e-09
0.4688 0.002 3.17e-09 2.79347e-09
0.469 0.002 3.64e-09 3.33469e-09
0.4692 0.002 3.83e-09 3.90644e-09
0.4694 0.002 4.78e-09 4.49321e-09
0.4696 0.002 3.84e-09 5.07912e-09
0.4698 0.002 3.86e-09 5.64943e-09
0.47 0.002 3.83e-09 6.19172e-09
0.4702 0.002 3.92e-09 6.6965e-09
0.4704 0.002 4.31e-09 7.15719e-09
0.4706 0.002 3.98e-09 7.56994e-09
0.4708 0.002 4.34e-09 7.93304e-09
0.471 0.002 3.96e-09 8.24644e-09
0.4712 0.002 4.41e-09 8.51121e-09
0.4714 0.002 3.96e-09 8.72917e-09
0.4716 0.002 3.87e-09 8.90254e-09
0.4718 0.002 4.4e-09 9.03373e-09
0.472 0.002 4.3e-09 9.12522e-09
0.4722 0.002 3.76e-09 9.1794e-09
0.4724 0.002 3.4e-09 9.19858e-09
0.4726 0.002 3.27e-09 9.18493e-09
0.4728 0.002 3.19e-09 9.14049e-09
0.473 0.002 3.43e-09 9.06712e-09
0.4732 0.002 2.81e-09 8.96659e-09
0.4734 0.002 2.44e-09 8.84049e-09
0.4736 0.002 2.32e-09 8.69033e-09
0.4738 0.002 1.91e-09 8.51749e-09
0.474 0.002 1.59e-09 8.32327e-09
0.4742 0.002 1.59e-09 8.10888e-09
0.4744 0.002 1.68e-09 7.87545e-09
0.4746 0.002 1e-09 7.62407e-09
0.4748 0.002 7.56e-10 7.35577e-09
0.475 0.002 9.46e-10 7.07157e-09
0.4752 0.002 1.06e-09 6.77249e-09
0.4754 0.002 1.02e-09 6.45957e-09
0.4756 0.002 5.19e-10 6.13388e-09
0.4758 0.002 6.73e-10 5.79661e-09
0.476 0.002 2.41e-10 5.44908e-09
0.4762 0.002 3.03e-10 5.09281e-09
0.4764 0.002 2.68e-10 4.72954e-09
0.4766 0.002 3.93e-10 4.36134e-09
0.4768 0.002 2.08e-10 3.99066e-09
0.477 0.002 5.71e-11 3.62033e-09
0.4772 0.002 1.89e-11 3.25361e-09
0.4774 0.002 4.68e-10 2.89417e-09
0.4776 0.002 7.93e-11 2.54595e-09
0.4778 0.002 1.05e-10 2.21304e-09
0.478 0.002 6.84e-10 1.89946e-09
0.4782 0.002 3.8e-11 1.60884e-09
0.4784 0.002 2.56e-10 1.34417e-09
0.4786 0.002 3.42e-10 1.10755e-09
0.4788 0.002 2.22e-10 9.00003e-10
0.479 0.002 8.32e-11 7.21434e-10
0.4792 0.002 2.64e-10 5.70707e-10
0.4796 0.002 1.5e-10 3.4417e-10
0.4798 0.002 3.13e-10 2.62792e-10
0.48 0.002 6.07e-10 1.98641e-10
0.4802 0.002 6.5e-11 1.48777e-10
0.4804 0.002 1.35e-10 1.10509e-10
0.4806 0.002 4.82e-10 8.14741e-11
0.4808 0.002 2.33e-10 5.9668e-11
0.481 0.002 1.45e-10 4.34391e-11
0.4812 0.002 4.49e-10 3.14579e-11
0.4814 0.002 2.77e-10 2.26759e-11
0.4818 0.002 4.22e-10 1.16504e-11
0.482 0.002 2.04e-11 8.31786e-12
0.4822 0.002 4.21e-10 5.93368e-12
0.4824 0.002 4.64e-10 4.24059e-12
0.4826 0.002 3.02e-11 3.05116e-12
0.4828 0.002 2.75e-10 2.23097e-12
0.483 0.002 5.67e-10 1.68581e-12
0.4832 0.002 6.56e-10 1.3525e-12
0.4834 0.002 4.06e-10 1.19256e-12
0.4836 0.002 3.63e-10 1.18838e-12
0.4838 0.002 7.54e-10 1.34165e-12
0.484 0.002 4.77e-10 1.67394e-12
0.4842 0.002 4.64e-10 2.2296e-12
0.4844 0.002 4.67e-10 3.08133e-12
0.4846 0.002 3.14e-11 4.339e-12
0.4848 0.002 3.03e-10 6.1627e-12
0.485 0.002 7.78e-11 8.78119e-12
0.4852 0.002 1.76e-10 1.25176e-11
0.4854 0.002 2.68e-10 1.78247e-11
0.4856 0.002 2.34e-10 2.53348e-11
0.4858 0.002 6.81e-10 3.59394e-11
0.486 0.002 5.2e-10 5.09724e-11
0.4862 0.002 2.29e-10 7.27421e-11
0.4864 0.002 5.62e-10 1.05643e-10
0.4866 0.002 3.86e-10 1.56603e-10
0.4868 0.002 7.44e-10 2.33139e-10
0.487 0.002 1.12e-09 3.4165e-10
0.4872 0.002 1.09e-09 4.87981e-10
0.4874 0.002 7.9e-10 6.78404e-10
0.4876 0.002 1e-09 9.19861e-10
0.4878 0.002 1.12e-09 1.21959e-09
0.488 0.002 1.29e-09 1.58431e-09
0.4882 0.002 1.45e-09 2.01876e-09
0.4884 0.002 1.53e-09 2.5237e-09
0.4886 0.002 1.94e-09 3.09419e-09
0.4888 0.002 2.3e-09 3.72085e-09
0.489 0.002 2.81e-09 4.39183e-09
0.4892 0.002 2.77e-09 5.0934e-09
0.4894 0.002 3.26e-09 5.81023e-09
0.4896 0.002 3.75e-09 6.52658e-09
0.4898 0.002 4.07e-09 7.22776e-09
0.49 0.002 4.89e-09 7.90129e-09
0.4902 0.002 5.45e-09 8.53752e-09
0.4904 0.002 5.7e-09 9.12978e-09
0.4906 0.002 6.21e-09 9.67408e-09
0.4908 0.002 6.78e-09 1.01686e-08
0.491 0.002 7.23e-09 1.06133e-08
0.4912 0.002 8.17e-09 1.10091e-08
0.4914 0.002 8.52e-09 1.13578e-08
0.4916 0.002 8.93e-09 1.16617e-08
0.4918 0.002 9.5e-09 1.19231e-08
0.492 0.002 1.01e-08 1.21445e-08
0.4922 0.002 1.07e-08 1.23284e-08
0.4924 0.002 1.13e-08 1.2477e-08
0.4926 0.002 1.22e-08 1.25925e-08
0.4928 0.002 1.24e-08 1.26769e-08
0.493 0.002 1.33e-08 1.27322e-08
0.4932 0.002 1.38e-08 1.27601e-08
0.4934 0.002 1.43e-08 1.27622e-08
0.4936 0.002 1.48e-08 1.274e-08
0.4938 0.002 1.54e-08 1.26949e-08
0.494 0.002 1.56e-08 1.26282e-08
0.4942 0.002 1.61e-08 1.25411e-08
0.4944 0.002 1.62e-08 1.24348e-08
0.4946 0.002 1.66e-08 1.23104e-08
0.4948 0.002 1.64e-08 1.21688e-08
0.495 0.002 1.65e-08 1.20111e-08
0.4952 0.002 1.65e-08 1.18384e-08
0.4954 0.002 1.63e-08 1.16516e-08
0.4956 0.002 1.62e-08 1.14518e-08
0.4958 0.002 1.56e-08 1.12402e-08
0.496 0.002 1.55e-08 1.10182e-08
0.4962 0.002 1.48e-08 1.07872e-08
0.4964 0.002 1.44e-08 1.0549e-08
0.4966 0.002 1.39e-08 1.03055e-08
0.4968 0.002 1.35e-08 1.00593e-08
0.497 0.002 1.26e-08 9.81318e-09
0.4972 0.002 1.23e-08 9.57032e-09
0.4974 0.002 1.12e-08 9.3344e-09
0.4976 0.002 1.1e-08 9.10934e-09
0.4978 0.002 9.92e-09 8.89925e-09
0.498 0.002 9.5e-09 8.70814e-09
0.4982 0.002 9.01e-09 8.53967e-09
0.4984 0.002 8.41e-09 8.39688e-09
0.4986 0.002 7.92e-09 8.28191e-09
0.4988 0.002 7.32e-09 8.19584e-09
0.499 0.002 6.82e-09 8.13865e-09
0.4992 0.002 6.74e-09 8.10923e-09
0.4994 0.002 6.55e-09 8.10565e-09
0.4996 0.002 6.14e-09 8.12529e-09
0.4998 0.002 5.59e-09 8.16523e-09
0.5 0.002 5.81e-09 8.22241e-09
0.5002 0.002 5.41e-09 8.29389e-09
0.5004 0.002 5.21e-09 8.37695e-09
0.5006 0.002 4.8e-09 8.46922e-09
0.5008 0.002 4.72e-09 8.56867e-09
0.501 0.002 4.88e-09 8.67364e-09
0.5012 0.002 4.61e-09 8.78278e-09
0.5014 0.002 4.62e-09 8.89503e-09
0.5016 0.002 4.26e-09 9.00956e-09
0.5018 0.002 4.18e-09 9.12575e-09
0.502 0.002 4.39e-09 9.24312e-09
0.5022 0.002 4.2e-09 9.36132e-09
0.5024 0.002 4.36e-09 9.48008e-09
0.5026 0.002 4.38e-09 9.59922e-09
0.5028 0.002 4.01e-09 9.71859e-09
0.503 0.002 4.09e-09 9.83811e-09
0.5032 0.002 4.2e-09 9.95771e-09
0.5034 0.002 4.12e-09 1.00773e-08
0.5036 0.002 4.19e-09 1.0197e-08
0.5038 0.002 4.25e-09 1.03167e-08
0.504 0.002 4.18e-09 1.04364e-08
0.5042 0.002 4.35e-09 1.05562e-08
0.5044 0.002 4.57e-09 1.06762e-08
0.5046 0.002 4.68e-09 1.07964e-08
0.5048 0.002 4.64e-09 1.0917e-08
0.505 0.002 4.62e-09 1.10383e-08
0.5052 0.002 4.67e-09 1.11606e-08
0.5054 0.002 4.54e-09 1.12842e-08
0.5056 0.002 4.44e-09 1.14099e-08
0.5058 0.002 4.93e-09 1.15385e-08
0.506 0.002 4.91e-09 1.16711e-08
0.5062 0.002 5.06e-09 1.18093e-08
0.5064 0.002 5.04e-09 1.19552e-08
0.5066 0.002 5.57e-09 1.21116e-08
0.5068 0.002 5.66e-09 1.2282e-08
0.507 0.002 5.69e-09 1.24708e-08
0.5072 0.002 6.28e-09 1.26836e-08
0.5074 0.002 6.35e-09 1.29265e-08
0.5076 0.002 6.64e-09 1.32069e-08
0.5078 0.002 6.82e-09 1.35321e-08
0.508 0.002 7.24e-09 1.39091e-08
0.5082 0.002 7.8e-09 1.43433e-08
0.5084 0.002 8.29e-09 1.48377e-08
0.5086 0.002 8.95e-09 1.53916e-08
0.5088 0.002 9.27e-09 1.6e-08
0.509 0.002 9.78e-09 1.66533e-08
0.5092 0.002 1.08e-08 1.73386e-08
0.5094 0.002 1.13e-08 1.80403e-08
0.5096 0.002 1.26e-08 1.87427e-08
0.5098 0.002 1.35e-08 1.94309e-08
0.51 0.002 1.48e-08 2.0092e-08
0.5102 0.002 1.54e-08 2.07163e-08
0.5104 0.002 1.69e-08 2.12969e-08
0.5106 0.002 1.77e-08 2.18298e-08
0.5108 0.002 1.84e-08 2.2313e-08
0.511 0.002 1.98e-08 2.27463e-08
0.5112 0.002 2.01e-08 2.31307e-08
0.5114 0.002 2.16e-08 2.34679e-08
0.5116 0.002 2.22e-08 2.37602e-08
0.5118 0.002 2.32e-08 2.40099e-08
0.512 0.002 2.39e-08 2.42196e-08
0.5122 0.002 2.51e-08 2.43915e-08
0.5124 0.002 2.53e-08 2.45282e-08
0.5126 0.002 2.63e-08 2.46316e-08
0.5128 0.002 2.67e-08 2.47039e-08
0.513 0.002 2.74e-08 2.4747e-08
0.5132 0.002 2.75e-08 2.47626e-08
0.5134 0.002 2.82e-08 2.47523e-08
0.5136 0.002 2.79e-08 2.47177e-08
0.5138 0.002 2.85e-08 2.46602e-08
0.514 0.002 2.8e-08 2.45811e-08
0.5142 0.002 2.84e-08 2.44815e-08
0.5144 0.002 2.8e-08 2.43626e-08
0.5146 0.002 2.81e-08 2.42256e-08
0.5148 0.002 2.76e-08 2.40714e-08
0.515 0.002 2.79e-08 2.39011e-08
0.5152 0.002 2.71e-08 2.37156e-08
0.5154 0.002 2.71e-08 2.35161e-08
0.5156 0.002 2.68e-08 2.33036e-08
0.5158 0.002 2.66e-08 2.30793e-08
0.516 0.002 2.65e-08 2.28444e-08
0.5162 0.002 2.58e-08 2.26005e-08
0.5164 0.002 2.58e-08 2.23493e-08
0.5166 0.002 2.54e-08 2.20928e-08
0.5168 0.002 2.52e-08 2.18335e-08
0.517 0.002 2.48e-08 2.1574e-08
0.5172 0.002 2.47e-08 2.13177e-08
0.5174 0.002 2.44e-08 2.10682e-08
0.5176 0.002 2.41e-08 2.08293e-08
0.5178 0.002 2.37e-08 2.06052e-08
0.518 0.002 2.38e-08 2.03999e-08
0.5182 0.002 2.32e-08 2.02171e-08
0.5184 0.002 2.35e-08 2.00598e-08
0.5186 0.002 2.28e-08 1.99303e-08
0.5188 0.002 2.29e-08 1.98297e-08
0.519 0.002 2.26e-08 1.97581e-08
0.5192 0.002 2.24e-08 1.97143e-08
0.5194 0.002 2.21e-08 1.96964e-08
0.5196 0.002 2.21e-08 1.9702e-08
0.5198 0.002 2.14e-08 1.97281e-08
0.52 0.002 2.17e-08 1.97715e-08
0.5202 0.002 2.12e-08 1.98295e-08
0.5204 0.002 2.1e-08 1.98991e-08
0.5206 0.002 2.08e-08 1.99782e-08
0.5208 0.002 2.06e-08 2.00645e-08
0.521 0.002 2.03e-08 2.01564e-08
0.5212 0.002 1.91e-08 2.02526e-08
0.5214 0.002 1.92e-08 2.0352e-08
0.5216 0.002 1.87e-08 2.04537e-08
0.5218 0.002 1.89e-08 2.05571e-08
0.522 0.002 1.85e-08 2.06617e-08
0.5222 0.002 1.85e-08 2.07672e-08
0.5224 0.002 1.83e-08 2.08733e-08
0.5226 0.002 1.96e-08 2.09798e-08
0.5228 0.002 1.91e-08 2.10866e-08
0.523 0.002 1.97e-08 2.11935e-08
0.5232 0.002 1.91e-08 2.13006e-08
0.5234 0.002 1.96e-08 2.14077e-08
0.5236 0.002 1.93e-08 2.15148e-08
0.5238 0.002 1.96e-08 2.1622e-08
0.524 0.002 1.95e-08 2.17292e-08
0.5242 0.002 1.98e-08 2.18366e-08
0.5244 0.002 1.97e-08 2.19441e-08
0.5246 0.002 2.01e-08 2.20519e-08
0.5248 0.002 2.01e-08 2.21601e-08
0.525 0.002 2.04e-08 2.2269e-08
0.5252 0.002 2.06e-08 2.23789e-08
0.5254 0.002 2.1e-08 2.24901e-08
0.5256 0.002 2.13e-08 2.26034e-08
0.5258 0.002 2.13e-08 2.27195e-08
0.526 0.002 2.21e-08 2.28396e-08
0.5262 0.002 2.21e-08 2.29652e-08
0.5264 0.002 2.28e-08 2.30984e-08
0.5266 0.002 2.3e-08 2.3242e-08
0.5268 0.002 2.36e-08 2.33994e-08
0.527 0.002 2.41e-08 2.35749e-08
0.5272 0.002 2.47e-08 2.37741e-08
0.5274 0.002 2.48e-08 2.40033e-08
0.5276 0.002 2.6e-08 2.42694e-08
0.5278 0.002 2.63e-08 2.458e-08
0.528 0.002 2.72e-08 2.49421e-08
0.5282 0.002 2.76e-08 2.53612e-08
0.5284 0.002 2.88e-08 2.58405e-08
0.5286 0.002 2.9e-08 2.63794e-08
0.5288 0.002 3.01e-08 2.69731e-08
0.529 0.002 3.08e-08 2.76125e-08
0.5292 0.002 3.17e-08 2.82845e-08
0.5294 0.002 3.24e-08 2.89738e-08
0.5296 0.002 3.36e-08 2.96647e-08
0.5298 0.002 3.42e-08 3.0342e-08
0.53 0.002 3.55e-08 3.09929e-08
0.5302 0.002 3.64e-08 3.16074e-08
0.5304 0.002 3.71e-08 3.21786e-08
0.5306 0.002 3.84e-08 3.27022e-08
0.5308 0.002 3.89e-08 3.31762e-08
0.531 0.002 3.98e-08 3.36003e-08
0.5312 0.002 4.01e-08 3.39754e-08
0.5314 0.002 4.1e-08 3.43033e-08
0.5316 0.002 4.11e-08 3.45861e-08
0.5318 0.002 4.16e-08 3.48263e-08
0.532 0.002 4.18e-08 3.50263e-08
0.5322 0.002 4.22e-08 3.51885e-08
0.5324 0.002 4.18e-08 3.53152e-08
0.5326 0.002 4.24e-08 3.54087e-08
0.5328 0.002 4.2e-08 3.54709e-08
0.533 0.002 4.23e-08 3.55039e-08
0.5332 0.002 4.15e-08 3.55093e-08
0.5334 0.002 3.93e-08 3.54888e-08
0.5336 0.002 3.85e-08 3.54439e-08
0.5338 0.002 3.81e-08 3.5376e-08
0.534 0.002 3.72e-08 3.52865e-08
0.5342 0.002 3.65e-08 3.51764e-08
0.5344 0.002 3.52e-08 3.50471e-08
0.5346 0.002 3.47e-08 3.48995e-08
0.5348 0.002 3.32e-08 3.47348e-08
0.535 0.002 3.29e-08 3.45539e-08
0.5352 0.002 3.2e-08 3.43578e-08
0.5354 0.002 3.05e-08 3.41476e-08
0.5356 0.002 3.01e-08 3.39244e-08
0.5358 0.002 2.98e-08 3.36893e-08
0.536 0.002 3.07e-08 3.34437e-08
0.5362 0.002 2.98e-08 3.31889e-08
0.5364 0.002 2.72e-08 3.29268e-08
0.5366 0.002 2.9e-08 3.26592e-08
0.5368 0.002 2.85e-08 3.23887e-08
0.537 0.002 2.78e-08 3.2118e-08
0.5372 0.002 2.8e-08 3.18502e-08
0.5374 0.002 2.74e-08 3.1589e-08
0.5376 0.002 2.76e-08 3.13383e-08
0.5378 0.002 2.7e-08 3.11022e-08
0.538 0.002 2.72e-08 3.08847e-08
0.5382 0.002 2.68e-08 3.06895e-08
0.5384 0.002 2.68e-08 3.05198e-08
0.5386 0.002 2.66e-08 3.03778e-08
0.5388 0.002 2.64e-08 3.02646e-08
0.539 0.002 2.45e-08 3.01804e-08
0.5392 0.002 2.43e-08 3.01242e-08
0.5394 0.002 2.45e-08 3.00941e-08
0.5396 0.002 2.52e-08 3.00875e-08
0.5398 0.002 2.66e-08 3.01016e-08
0.54 0.002 2.64e-08 3.01333e-08
0.5402 0.002 2.66e-08 3.01796e-08
0.5404 0.002 2.65e-08 3.02378e-08
0.5406 0.002 2.68e-08 3.03055e-08
0.5408 0.002 2.65e-08 3.03806e-08
0.541 0.002 2.7e-08 3.04614e-08
0.5412 0.002 2.69e-08 3.05465e-08
0.5414 0.002 2.69e-08 3.06349e-08
0.5416 0.002 2.71e-08 3.07257e-08
0.5418 0.002 2.74e-08 3.08183e-08
0.542 0.002 2.72e-08 3.09121e-08
0.5422 0.002 2.79e-08 3.10068e-08
0.5424 0.002 2.75e-08 3.11021e-08
0.5426 0.002 2.81e-08 3.11978e-08
0.5428 0.002 2.79e-08 3.12939e-08
0.543 0.002 2.84e-08 3.13901e-08
0.5432 0.002 2.83e-08 3.14865e-08
0.5434 0.002 2.9e-08 3.15829e-08
0.5436 0.002 2.9e-08 3.16794e-08
0.5438 0.002 2.9e-08 3.17759e-08
0.544 0.002 2.96e-08 3.18725e-08
0.5442 0.002 2.96e-08 3.19693e-08
0.5444 0.002 2.99e-08 3.20662e-08
0.5446 0.002 3e-08 3.21634e-08
0.5448 0.002 3.05e-08 3.22611e-08
0.545 0.002 3.04e-08 3.23594e-08
0.5452 0.002 3.09e-08 3.24586e-08
0.5454 0.002 3.07e-08 3.25593e-08
0.5456 0.002 3.14e-08 3.2662e-08
0.5458 0.002 3.12e-08 3.27674e-08
0.546 0.002 3.19e-08 3.28768e-08
0.5462 0.002 3.21e-08 3.29917e-08
0.5464 0.002 3.26e-08 3.31141e-08
0.5466 0.002 3.24e-08 3.32466e-08
0.5468 0.002 3.35e-08 3.33928e-08
0.547 0.002 3.31e-08 3.35569e-08
0.5472 0.002 3.41e-08 3.37444e-08
0.5474 0.002 3.42e-08 3.39614e-08
0.5476 0.002 3.5e-08 3.42152e-08
0.5478 0.002 3.51e-08 3.4513e-08
0.548 0.002 3.65e-08 3.4862e-08
0.5482 0.002 3.64e-08 3.52677e-08
0.5484 0.002 3.73e-08 3.57336e-08
0.5486 0.002 3.87e-08 3.62593e-08
0.5488 0.002 3.89e-08 3.68402e-08
0.549 0.002 4.04e-08 3.74672e-08
0.5492 0.002 4.12e-08 3.81277e-08
0.5494 0.002 4.25e-08 3.88064e-08
0.5496 0.002 4.31e-08 3.94874e-08
0.5498 0.002 4.51e-08 4.01556e-08
