0.3502 0.002 2.63e-10 3.80974e-27
0.3504 0.002 1.41e-10 4.09178e-27
0.3506 0.002 2.98e-10 4.39472e-27
0.3508 0.002 3.73e-10 4.72009e-27
0.351 0.002 2.53e-10 5.06957e-27
0.3512 0.002 2.17e-10 5.44494e-27
0.3514 0.002 4.78e-10 5.84811e-27
0.3516 0.002 2.69e-10 6.28116e-27
0.3518 0.002 2.44e-10 6.74628e-27
0.352 0.002 4.34e-10 7.24587e-27
0.3522 0.002 4.21e-11 7.78247e-27
0.3524 0.002 4.48e-10 8.35882e-27
0.3526 0.002 1.38e-10 8.97789e-27
0.3528 0.002 5.4e-10 9.64282e-27
0.353 0.002 1.86e-10 1.0357e-26
0.3532 0.002 4.39e-11 1.11241e-26
0.3534 0.002 3.49e-10 1.19481e-26
0.3536 0.002 2.67e-10 1.28331e-26
0.3538 0.002 4.67e-10 1.37837e-26
0.354 0.002 1.7e-10 1.48048e-26
0.3542 0.002 7.01e-11 1.59015e-26
0.3544 0.002 5.11e-11 1.70795e-26
0.3546 0.002 9.23e-11 1.83448e-26
0.3548 0.002 2.31e-11 1.97039e-26
0.355 0.002 2.96e-10 2.11637e-26
0.3552 0.002 3.11e-11 2.27317e-26
0.3554 0.002 2.29e-10 2.4416e-26
0.3556 0.002 4.96e-10 2.6225e-26
0.3558 0.002 2.08e-10 2.81682e-26
0.356 0.002 8.36e-11 3.02554e-26
0.3562 0.002 1.45e-10 3.24973e-26
0.3564 0.002 2.14e-10 3.49054e-26
0.3566 0.002 1.35e-10 3.7492e-26
0.3568 0.002 2.62e-10 4.02703e-26
0.357 0.002 5.23e-10 4.32546e-26
0.3572 0.002 1.9e-10 4.64602e-26
0.3574 0.002 2.42e-10 4.99034e-26
0.3576 0.002 3.07e-10 5.36018e-26
0.3578 0.002 6.77e-10 5.75745e-26
0.358 0.002 1.99e-10 6.18416e-26
0.3582 0.002 4.3e-11 6.64252e-26
0.3584 0.002 3.58e-11 7.13485e-26
0.3586 0.002 2.22e-10 7.66369e-26
0.3588 0.002 2.09e-10 8.23175e-26
0.359 0.002 1e-10 8.84192e-26
0.3592 0.002 5.56e-10 9.49733e-26
0.3594 0.002 2.48e-10 1.02013e-25
0.3596 0.002 1.15e-11 1.09575e-25
0.3598 0.002 2.74e-10 1.17698e-25
0.36 0.002 2.12e-10 1.26424e-25
0.3602 0.002 2.75e-10 1.35796e-25
0.3604 0.002 3.4e-10 1.45863e-25
0.3606 0.002 2.83e-10 1.56677e-25
0.3608 0.002 1.75e-10 1.68292e-25
0.361 0.002 1.05e-10 1.80769e-25
0.3612 0.002 3.75e-10 1.94172e-25
0.3616 0.002 3.63e-10 2.24032e-25
0.3618 0.002 1.49e-10 2.40642e-25
0.362 0.002 5.83e-10 2.58485e-25
0.3622 0.002 2.99e-11 2.77651e-25
0.3624 0.002 8.25e-11 2.98239e-25
0.3626 0.002 1.09e-10 3.20353e-25
0.3628 0.002 2.43e-10 3.44107e-25
0.363 0.002 2.44e-10 3.69624e-25
0.3632 0.002 5.58e-11 3.97033e-25
0.3634 0.002 2.99e-10 4.26475e-25
0.3636 0.002 2.88e-10 4.581e-25
0.3638 0.002 2.22e-10 4.92072e-25
0.364 0.002 2.07e-10 5.28563e-25
0.3642 0.002 2.97e-10 5.67761e-25
0.3644 0.002 4.71e-11 6.09866e-25
0.3646 0.002 5.58e-11 6.55095e-25
0.3648 0.002 2.65e-11 7.03679e-25
0.365 0.002 1.25e-10 7.55867e-25
0.3652 0.002 4.91e-11 8.11926e-25
0.3654 0.002 9.58e-11 8.72143e-25
0.3656 0.002 1.01e-10 9.36828e-25
0.3658 0.002 1.72e-10 1.00631e-24
0.366 0.002 2.77e-10 1.08095e-24
0.3662 0.002 5.5e-11 1.16112e-24
0.3664 0.002 3.34e-10 1.24724e-24
0.3666 0.002 1.16e-10 1.33976e-24
0.3668 0.002 1.57e-10 1.43913e-24
0.367 0.002 4.51e-11 1.54588e-24
0.3672 0.002 2.44e-10 1.66054e-24
0.3674 0.002 2.44e-10 1.78372e-24
0.3676 0.002 3.22e-10 1.91603e-24
0.3678 0.002 5.71e-10 2.05815e-24
0.368 0.002 1.77e-10 2.21083e-24
0.3682 0.002 5.34e-10 2.37483e-24
0.3684 0.002 1.67e-10 2.55099e-24
0.3686 0.002 1.88e-10 2.74023e-24
0.3688 0.002 2.27e-10 2.94351e-24
0.369 0.002 1.45e-10 3.16187e-24
0.3692 0.002 4.48e-10 3.39643e-24
0.3694 0.002 3.94e-10 3.64839e-24
0.3696 0.002 2.47e-10 3.91905e-24
0.3698 0.002 3.24e-10 4.20979e-24
0.37 0.002 2.56e-10 4.52211e-24
0.3702 0.002 1.98e-10 4.8576e-24
0.3704 0.002 9.72e-11 5.21798e-24
0.3706 0.002 5.1e-11 5.6051e-24
0.3708 0.002 1e-10 6.02095e-24
0.371 0.002 2.45e-10 6.46765e-24
0.3714 0.002 5.33e-10 7.46295e-24
0.3716 0.002 8.49e-11 8.01666e-24
0.3718 0.002 8.13e-11 8.61145e-24
0.372 0.002 5.31e-10 9.25038e-24
0.3722 0.002 8.12e-11 9.93672e-24
0.3724 0.002 2.87e-10 1.0674e-23
0.3726 0.002 1.04e-10 1.1466e-23
0.3728 0.002 1.51e-10 1.23167e-23
0.373 0.002 1.25e-10 1.32306e-23
0.3732 0.002 3.35e-11 1.42123e-23
0.3734 0.002 2.12e-10 1.52669e-23
0.3736 0.002 1.82e-10 1.63997e-23
0.3738 0.002 2.6e-10 1.76165e-23
0.374 0.002 3.14e-10 1.89237e-23
0.3742 0.002 3.47e-10 2.03279e-23
0.3744 0.002 1.86e-10 2.18363e-23
0.3746 0.002 2.01e-10 2.34566e-23
0.3748 0.002 2.31e-10 2.51972e-23
0.375 0.002 3.54e-10 2.7067e-23
0.3752 0.002 3.26e-11 2.90755e-23
0.3754 0.002 1.68e-10 3.1233e-23
0.3756 0.002 1.13e-10 3.35507e-23
0.3758 0.002 2.57e-10 3.60404e-23
0.376 0.002 1.03e-10 3.87149e-23
0.3762 0.002 2.59e-10 4.15879e-23
0.3764 0.002 2.24e-10 4.46741e-23
0.3766 0.002 1.31e-10 4.79893e-23
0.3768 0.002 7.71e-11 5.15505e-23
0.377 0.002 6.12e-11 5.53761e-23
0.3772 0.002 5.32e-10 5.94856e-23
0.3774 0.002 5.43e-11 6.39001e-23
0.3776 0.002 1.46e-10 6.86423e-23
0.3778 0.002 6.6e-10 7.37364e-23
0.378 0.002 2.13e-10 7.92086e-23
0.3782 0.002 6.46e-10 8.50869e-23
0.3784 0.002 2.27e-10 9.14015e-23
0.3786 0.002 5.34e-10 9.81848e-23
0.3788 0.002 1.82e-10 1.05472e-22
0.379 0.002 7.65e-11 1.13299e-22
0.3792 0.002 7.95e-11 1.21708e-22
0.3794 0.002 3.25e-10 1.3074e-22
0.3796 0.002 4.23e-10 1.40443e-22
0.3798 0.002 3.58e-10 1.50867e-22
0.38 0.002 6.67e-10 1.62064e-22
0.3802 0.002 2.73e-10 1.74092e-22
0.3804 0.002 1.95e-10 1.87012e-22
0.3806 0.002 4.43e-10 2.00892e-22
0.3808 0.002 3.8e-11 2.15802e-22
0.381 0.002 2.78e-10 2.31819e-22
0.3812 0.002 6.28e-11 2.49024e-22
0.3814 0.002 1.52e-10 2.67507e-22
0.3816 0.002 4.59e-10 2.87361e-22
0.3818 0.002 2.96e-10 3.0869e-22
0.382 0.002 2.26e-10 3.31601e-22
0.3822 0.002 2.67e-11 3.56213e-22
0.3824 0.002 5.9e-11 3.82652e-22
0.3826 0.002 3.7e-10 4.11053e-22
0.3828 0.002 4.94e-10 4.41562e-22
0.383 0.002 9.82e-11 4.74337e-22
0.3834 0.002 1.16e-10 5.47364e-22
0.3836 0.002 5.31e-11 5.87991e-22
0.3838 0.002 3.45e-10 6.31635e-22
0.384 0.002 8.16e-11 6.78517e-22
0.3842 0.002 4.16e-11 7.2888e-22
0.3844 0.002 9.05e-11 7.82982e-22
0.3846 0.002 4.4e-10 8.41099e-22
0.3848 0.002 7.15e-11 9.03531e-22
0.385 0.002 3.24e-10 9.70597e-22
0.3852 0.002 3.02e-10 1.04264e-21
0.3854 0.002 5.51e-11 1.12003e-21
0.3856 0.002 3.48e-10 1.20317e-21
0.3858 0.002 7.22e-10 1.29248e-21
0.386 0.002 2.69e-10 1.38842e-21
0.3862 0.002 2.28e-10 1.49148e-21
0.3864 0.002 3.17e-10 1.60219e-21
0.3866 0.002 1.02e-10 1.72111e-21
0.387 0.002 2.05e-11 1.98611e-21
0.3872 0.002 3.04e-10 2.13354e-21
0.3874 0.002 2.07e-10 2.29191e-21
0.3876 0.002 4.37e-10 2.46204e-21
0.3878 0.002 2.85e-10 2.6448e-21
0.388 0.002 3.68e-10 2.84112e-21
0.3882 0.002 2.71e-10 3.05202e-21
0.3884 0.002 4.85e-10 3.27857e-21
0.3886 0.002 2.62e-10 3.52195e-21
0.3888 0.002 7.75e-11 3.78339e-21
0.389 0.002 1.02e-10 4.06423e-21
0.3892 0.002 9.75e-11 4.36593e-21
0.3894 0.002 3.05e-10 4.69002e-21
0.3896 0.002 2.24e-10 5.03818e-21
0.3898 0.002 2.87e-11 5.41217e-21
0.39 0.002 3.8e-10 5.81393e-21
0.3902 0.002 3.12e-10 6.24552e-21
0.3904 0.002 2.68e-10 6.70915e-21
0.3906 0.002 2.46e-10 7.20719e-21
0.3908 0.002 5.74e-10 7.74221e-21
0.391 0.002 2.19e-10 8.31694e-21
0.3912 0.002 4.3e-10 8.93435e-21
0.3914 0.002 5.09e-11 9.59758e-21
0.3916 0.002 3.76e-10 1.03101e-20
0.3918 0.002 3.32e-10 1.10754e-20
0.392 0.002 3.66e-10 1.18976e-20
0.3922 0.002 3.67e-10 1.27808e-20
0.3924 0.002 3.17e-10 1.37296e-20
0.3926 0.002 4.99e-10 1.47488e-20
0.3928 0.002 4.06e-10 1.58437e-20
0.393 0.002 3.33e-10 1.70199e-20
0.3932 0.002 9.32e-11 1.82834e-20
0.3934 0.002 4.02e-11 1.96407e-20
0.3936 0.002 9e-11 2.10988e-20
0.3938 0.002 7.58e-11 2.26651e-20
0.394 0.002 5.32e-11 2.43476e-20
0.3942 0.002 2.24e-10 2.61551e-20
0.3944 0.002 9.43e-11 2.80968e-20
0.3946 0.002 1.42e-10 3.01827e-20
0.3948 0.002 4.77e-10 3.24233e-20
0.395 0.002 2.32e-10 3.48304e-20
0.3952 0.002 1.82e-10 3.74161e-20
0.3954 0.002 3.49e-10 4.01938e-20
0.3956 0.002 2.39e-10 4.31777e-20
0.3958 0.002 1.08e-10 4.63832e-20
0.396 0.002 1.27e-10 4.98266e-20
0.3962 0.002 3.55e-10 5.35257e-20
0.3964 0.002 1.31e-10 5.74993e-20
0.3966 0.002 2.24e-10 6.1768e-20
0.3968 0.002 3.16e-10 6.63536e-20
0.397 0.002 2.85e-10 7.12797e-20
0.3972 0.002 6.87e-11 7.65714e-20
0.3974 0.002 2.7e-10 8.22561e-20
0.3976 0.002 2.79e-11 8.83627e-20
0.3978 0.002 2.47e-10 9.49228e-20
0.398 0.002 9.29e-11 1.0197e-19
0.3982 0.002 1.51e-10 1.0954e-19
0.3984 0.002 6.09e-10 1.17672e-19
0.3986 0.002 2.69e-10 1.26408e-19
0.3988 0.002 2.58e-10 1.35793e-19
0.399 0.002 1.47e-10 1.45874e-19
0.3992 0.002 3.19e-10 1.56704e-19
0.3994 0.002 4.35e-11 1.68338e-19
0.3996 0.002 2.71e-10 1.80836e-19
0.3998 0.002 1.04e-11 1.94261e-19
0.4 0.002 4.44e-10 2.08683e-19
0.4002 0.002 3.9e-11 2.24176e-19
0.4004 0.002 2.9e-10 2.40819e-19
0.4006 0.002 5.85e-10 2.58698e-19
0.4008 0.002 3.27e-10 2.77904e-19
0.401 0.002 3.03e-10 2.98536e-19
0.4012 0.002 5.67e-10 3.207e-19
0.4014 0.002 1.54e-10 3.4451e-19
0.4016 0.002 3.64e-10 3.70087e-19
0.402 0.002 4.51e-10 4.27079e-19
0.4022 0.002 6.13e-11 4.58786e-19
0.4024 0.002 3.66e-10 4.92848e-19
0.4026 0.002 1.86e-10 5.29438e-19
0.4028 0.002 2.71e-10 5.68745e-19
0.403 0.002 5.21e-10 6.1097e-19
0.4032 0.002 2.97e-10 6.5633e-19
0.4034 0.002 3.75e-10 7.05058e-19
0.4036 0.002 7.78e-11 7.57404e-19
0.4038 0.002 1.91e-10 8.13636e-19
0.404 0.002 1.97e-10 8.74043e-19
0.4042 0.002 3.45e-10 9.38935e-19
0.4044 0.002 1.28e-10 1.00864e-18
0.4046 0.002 1.43e-10 1.08353e-18
0.4048 0.002 1.79e-10 1.16398e-18
0.405 0.002 3.78e-10 1.25039e-18
0.4052 0.002 3.88e-10 1.34323e-18
0.4054 0.002 8.81e-11 1.44295e-18
0.4056 0.002 2.4e-10 1.55008e-18
0.4058 0.002 2.27e-10 1.66517e-18
0.406 0.002 2.99e-10 1.7888e-18
0.4062 0.002 4.91e-10 1.92161e-18
0.4064 0.002 3.27e-10 2.06427e-18
0.4066 0.002 8.75e-11 2.21754e-18
0.4068 0.002 3.07e-10 2.38218e-18
0.407 0.002 3.84e-10 2.55904e-18
0.4072 0.002 2.07e-10 2.74903e-18
0.4074 0.002 4.58e-10 2.95313e-18
0.4076 0.002 6.26e-11 3.17239e-18
0.4078 0.002 1.59e-11 3.40792e-18
0.408 0.002 1.46e-10 3.66094e-18
0.4082 0.002 1.03e-10 3.93275e-18
0.4084 0.002 1.81e-10 4.22474e-18
0.4086 0.002 2.08e-10 4.5384e-18
0.409 0.002 3.74e-10 5.23733e-18
0.4092 0.002 8.08e-11 5.62618e-18
0.4094 0.002 2.96e-10 6.0439e-18
0.4096 0.002 4.05e-10 6.49263e-18
0.4098 0.002 3.02e-10 6.97468e-18
0.41 0.002 1.16e-10 7.49251e-18
0.4102 0.002 1.84e-10 8.0488e-18
0.4104 0.002 1.04e-10 8.64639e-18
0.4106 0.002 6.45e-10 9.28835e-18
0.4108 0.002 2.29e-10 9.97797e-18
0.411 0.002 4.18e-10 1.07188e-17
0.4112 0.002 1.58e-10 1.15146e-17
0.4114 0.002 1.89e-10 1.23695e-17
0.4116 0.002 3.28e-10 1.32879e-17
0.4118 0.002 8.01e-11 1.42745e-17
0.412 0.002 2.05e-10 1.53343e-17
0.4122 0.002 2.27e-10 1.64728e-17
0.4124 0.002 1.41e-10 1.76959e-17
0.4126 0.002 2.52e-10 1.90097e-17
0.4128 0.002 6.7e-10 2.04211e-17
0.413 0.002 1.55e-10 2.19373e-17
0.4132 0.002 2.99e-10 2.35661e-17
0.4134 0.002 5.04e-10 2.53158e-17
0.4136 0.002 1.78e-11 2.71954e-17
0.4138 0.002 2.94e-10 2.92146e-17
0.414 0.002 6.28e-11 3.13837e-17
0.4142 0.002 5.39e-10 3.37138e-17
0.4144 0.002 6.15e-11 3.6217e-17
0.4146 0.002 7.97e-11 3.89059e-17
0.4148 0.002 3.84e-11 4.17946e-17
0.415 0.002 4.79e-10 4.48977e-17
0.4152 0.002 1.73e-10 4.82312e-17
0.4154 0.002 1.82e-10 5.18122e-17
0.4156 0.002 4.66e-10 5.56591e-17
0.4158 0.002 1.9e-10 5.97917e-17
0.416 0.002 2.89e-11 6.4231e-17
0.4162 0.002 1.77e-10 6.9e-17
0.4164 0.002 3.23e-10 7.41231e-17
0.4166 0.002 5.59e-11 7.96265e-17
0.4168 0.002 1.61e-10 8.55385e-17
0.417 0.002 6.36e-10 9.18895e-17
0.4172 0.002 3.52e-10 9.87121e-17
0.4174 0.002 4.06e-10 1.06041e-16
0.4176 0.002 1.88e-10 1.13914e-16
0.4178 0.002 4.24e-10 1.22372e-16
0.418 0.002 1.55e-10 1.31458e-16
0.4182 0.002 1.68e-10 1.41219e-16
0.4184 0.002 1.06e-10 1.51704e-16
0.4186 0.002 2.96e-10 1.62967e-16
0.4188 0.002 1.82e-10 1.75067e-16
0.419 0.002 3.87e-10 1.88066e-16
0.4192 0.002 5.85e-10 2.02029e-16
0.4194 0.002 1.53e-11 2.17029e-16
0.4196 0.002 3.46e-10 2.33143e-16
0.4198 0.002 4.24e-10 2.50453e-16
0.42 0.002 1.48e-10 2.69049e-16
0.4202 0.002 2.22e-10 2.89025e-16
0.4206 0.002 1.27e-10 3.33538e-16
0.4208 0.002 4.76e-10 3.58302e-16
0.421 0.002 2.3e-10 3.84905e-16
0.4212 0.002 2.19e-10 4.13484e-16
0.4214 0.002 4.72e-10 4.44184e-16
0.4216 0.002 2.2e-10 4.77164e-16
0.4218 0.002 1.46e-10 5.12592e-16
0.422 0.002 5.14e-10 5.50651e-16
0.4224 0.002 1.62e-10 6.35456e-16
0.4226 0.002 1.78e-10 6.82637e-16
0.4228 0.002 1.86e-10 7.33322e-16
0.423 0.002 1.31e-11 7.87769e-16
0.4232 0.002 3.44e-11 8.4626e-16
0.4236 0.002 1.62e-10 9.76591e-16
0.4238 0.002 2.24e-10 1.0491e-15
0.4242 0.002 2.2e-10 1.21067e-15
0.4244 0.002 3.31e-10 1.30056e-15
0.4246 0.002 9.33e-11 1.39713e-15
0.4248 0.002 2.7e-10 1.50086e-15
0.425 0.002 5.83e-10 1.6123e-15
0.4252 0.002 3.01e-10 1.73201e-15
0.4254 0.002 5.97e-10 1.8606e-15
0.4256 0.002 2.06e-10 1.99875e-15
0.4258 0.002 6.47e-10 2.14715e-15
0.426 0.002 4.4e-11 2.30657e-15
0.4262 0.002 1.38e-10 2.47783e-15
0.4264 0.002 1.55e-10 2.66181e-15
0.4266 0.002 1.95e-10 2.85944e-15
0.4268 0.002 4.63e-10 3.07175e-15
0.427 0.002 4.3e-10 3.29982e-15
0.4272 0.002 6.73e-10 3.54482e-15
0.4274 0.002 2.42e-10 3.80801e-15
0.4276 0.002 1.99e-10 4.09075e-15
0.4278 0.002 1.81e-10 4.39448e-15
0.428 0.002 3.05e-10 4.72076e-15
0.4282 0.002 8.41e-11 5.07126e-15
0.4284 0.002 5.31e-11 5.44779e-15
0.4286 0.002 4e-10 5.85227e-15
0.4288 0.002 1.06e-10 6.28679e-15
0.429 0.002 3.07e-10 6.75356e-15
0.4292 0.002 8.53e-11 7.255e-15
0.4294 0.002 2.26e-10 7.79366e-15
0.4296 0.002 1.51e-10 8.37231e-15
0.4298 0.002 1.39e-10 8.99393e-15
0.43 0.002 6.94e-11 9.6617e-15
0.4302 0.002 3.98e-10 1.0379e-14
0.4304 0.002 2.74e-10 1.11496e-14
0.4306 0.002 2.93e-10 1.19775e-14
0.4308 0.002 6.87e-10 1.28667e-14
0.431 0.002 3e-10 1.3822e-14
0.4312 0.002 4.9e-10 1.48483e-14
0.4314 0.002 2.08e-10 1.59507e-14
0.4316 0.002 5.84e-10 1.7135e-14
0.4318 0.002 2.36e-10 1.84071e-14
0.432 0.002 2.54e-10 1.97738e-14
0.4322 0.002 3.11e-10 2.12419e-14
0.4324 0.002 2.24e-10 2.2819e-14
0.4326 0.002 3.68e-10 2.45131e-14
0.4328 0.002 3.58e-10 2.63331e-14
0.433 0.002 6.16e-10 2.82881e-14
0.4332 0.002 7.35e-11 3.03883e-14
0.4334 0.002 3.35e-11 3.26445e-14
0.4336 0.002 4.03e-11 3.50681e-14
0.4338 0.002 1.12e-10 3.76716e-14
0.4342 0.002 8.82e-11 4.34728e-14
0.4344 0.002 5.44e-10 4.67003e-14
0.4346 0.002 4.04e-10 5.01673e-14
0.4348 0.002 1.4e-10 5.38917e-14
0.435 0.002 1.74e-10 5.78926e-14
0.4352 0.002 1.84e-10 6.21904e-14
0.4354 0.002 5.4e-10 6.68073e-14
0.4356 0.002 2.15e-10 7.17669e-14
0.4358 0.002 4.3e-10 7.70946e-14
0.436 0.002 2.59e-10 8.28178e-14
0.4362 0.002 5.3e-10 8.89658e-14
0.4364 0.002 4.71e-10 9.55701e-14
0.4366 0.002 1.91e-10 1.02665e-13
0.4368 0.002 2.99e-10 1.10286e-13
0.437 0.002 2.81e-10 1.18472e-13
0.4374 0.002 1.74e-10 1.36713e-13
0.4376 0.002 1.43e-10 1.46861e-13
0.4378 0.002 6.23e-11 1.57762e-13
0.438 0.002 8.7e-11 1.69472e-13
0.4386 0.002 3.07e-10 2.10078e-13
0.4388 0.002 3.06e-10 2.2567e-13
0.439 0.002 2.26e-10 2.42419e-13
0.4394 0.002 1.88e-10 2.79736e-13
0.4396 0.002 2.54e-11 3.00496e-13
0.4398 0.002 1.64e-10 3.22795e-13
0.44 0.002 3.47e-10 3.46749e-13
0.4402 0.002 2.16e-10 3.72479e-13
0.4404 0.002 6.99e-10 4.00118e-13
0.4406 0.002 9.1e-11 4.29806e-13
0.4408 0.002 4.2e-10 4.61696e-13
0.441 0.002 3.93e-10 4.95951e-13
0.4412 0.002 1.35e-10 5.32745e-13
0.4414 0.002 2.37e-10 5.72268e-13
0.4416 0.002 1.21e-10 6.1472e-13
0.4418 0.002 3.59e-10 6.60319e-13
0.442 0.002 3.78e-11 7.09298e-13
0.4422 0.002 3.53e-10 7.61906e-13
0.4424 0.002 1.03e-10 8.18413e-13
0.4426 0.002 3.27e-10 8.79107e-13
0.4428 0.002 3.5e-10 9.44297e-13
0.443 0.002 3.04e-10 1.01432e-12
0.4432 0.002 2.54e-10 1.08952e-12
0.4434 0.002 1.8e-11 1.1703e-12
0.4436 0.002 2.99e-11 1.25705e-12
0.4438 0.002 9.99e-11 1.35023e-12
0.444 0.002 9.61e-11 1.4503e-12
0.4442 0.002 8.18e-11 1.55779e-12
0.4444 0.002 1.72e-10 1.67322e-12
0.4446 0.002 7.48e-11 1.79719e-12
0.445 0.002 3.54e-10 2.07332e-12
0.4452 0.002 6.18e-11 2.22688e-12
0.4454 0.002 1.41e-10 2.39178e-12
0.4456 0.002 4.17e-10 2.56887e-12
0.4458 0.002 1.87e-11 2.75904e-12
0.446 0.002 1.64e-10 2.96325e-12
0.4462 0.002 3.89e-10 3.18254e-12
0.4464 0.002 2.04e-10 3.41801e-12
0.4466 0.002 2.38e-10 3.67084e-12
0.4468 0.002 5.1e-10 3.94232e-12
0.447 0.002 1.4e-10 4.23382e-12
0.4472 0.002 2e-10 4.54678e-12
0.4474 0.002 8.49e-11 4.8828e-12
0.4476 0.002 1.42e-10 5.24355e-12
0.4478 0.002 9.75e-11 5.63084e-12
0.448 0.002 2.06e-10 6.04661e-12
0.4482 0.002 1.51e-10 6.49293e-12
0.4484 0.002 3.7e-10 6.97204e-12
0.4486 0.002 4.66e-10 7.48631e-12
0.4488 0.002 3.88e-10 8.0383e-12
0.449 0.002 3.14e-10 8.63075e-12
0.4492 0.002 2.62e-10 9.2666e-12
0.4494 0.002 3.39e-10 9.94898e-12
0.4496 0.002 3.54e-10 1.06813e-11
0.4498 0.002 1.52e-10 1.1467e-11
0.45 0.002 1.03e-10 1.23102e-11
0.4502 0.002 1.54e-10 1.32148e-11
0.4504 0.002 7.1e-10 1.41853e-11
0.4506 0.002 2.37e-10 1.52264e-11
0.4508 0.002 3.58e-10 1.63432e-11
0.451 0.002 2.47e-10 1.7541e-11
0.4512 0.002 2.5e-11 1.88257e-11
0.4514 0.002 3.15e-10 2.02033e-11
0.4516 0.002 6.11e-11 2.16805e-11
0.4518 0.002 2.92e-10 2.32644e-11
0.452 0.002 2.41e-10 2.49623e-11
0.4522 0.002 2.58e-10 2.67824e-11
0.4524 0.002 1.27e-10 2.87331e-11
0.4526 0.002 6.16e-10 3.08236e-11
0.4528 0.002 2.66e-10 3.30636e-11
0.453 0.002 3.09e-10 3.54634e-11
0.4532 0.002 1.32e-10 3.80341e-11
0.4534 0.002 1.51e-10 4.07872e-11
0.4536 0.002 1.27e-10 4.37354e-11
0.4538 0.002 1.37e-10 4.68918e-11
0.454 0.002 4.93e-11 5.02705e-11
0.4542 0.002 2.2e-10 5.38865e-11
0.4544 0.002 2.92e-10 5.77555e-11
0.4546 0.002 9.68e-11 6.18944e-11
0.4548 0.002 5.07e-10 6.63211e-11
0.455 0.002 2.55e-10 7.10542e-11
0.4552 0.002 2.71e-10 7.61138e-11
0.4554 0.002 2.12e-10 8.15208e-11
0.4556 0.002 4.48e-10 8.72975e-11
0.4558 0.002 1.77e-10 9.34673e-11
0.456 0.002 1.89e-10 1.00055e-10
0.4562 0.002 6.11e-10 1.07086e-10
0.4564 0.002 1.14e-10 1.14588e-10
0.4566 0.002 2.62e-10 1.2259e-10
0.4568 0.002 1.01e-10 1.31122e-10
0.457 0.002 1.34e-10 1.40214e-10
0.4572 0.002 4.35e-10 1.49901e-10
0.4574 0.002 3.11e-10 1.60215e-10
0.4576 0.002 4.35e-10 1.71193e-10
0.4578 0.002 1.75e-10 1.82871e-10
0.458 0.002 2.8e-10 1.95289e-10
0.4582 0.002 3e-10 2.08485e-10
0.4584 0.002 2.43e-10 2.22502e-10
0.4586 0.002 1.32e-10 2.37381e-10
0.4588 0.002 1.74e-10 2.53165e-10
0.459 0.002 1.07e-10 2.69901e-10
0.4592 0.002 4.68e-10 2.87632e-10
0.4594 0.002 2.34e-10 3.06406e-10
0.4596 0.002 7.72e-11 3.2627e-10
0.4598 0.002 2.51e-10 3.47271e-10
0.46 0.002 2.72e-10 3.69459e-10
0.4602 0.002 3.93e-10 3.92882e-10
0.4604 0.002 2.51e-10 4.17587e-10
0.4606 0.002 1.37e-10 4.43624e-10
0.4608 0.002 4.2e-11 4.7104e-10
0.461 0.002 3.42e-10 4.99881e-10
0.4612 0.002 3.71e-10 5.30196e-10
0.4614 0.002 3.2e-10 5.62026e-10
0.4616 0.002 1.23e-10 5.95417e-10
0.4618 0.002 3.63e-10 6.30409e-10
0.462 0.002 2.35e-10 6.6704e-10
0.4622 0.002 1.37e-10 7.05348e-10
0.4624 0.002 1.31e-10 7.45364e-10
0.4626 0.002 3.59e-11 7.8712e-10
0.4628 0.002 1.22e-10 8.30642e-10
0.463 0.002 1.93e-10 8.75953e-10
0.4632 0.002 4.6e-11 9.23071e-10
0.4634 0.002 1.18e-10 9.7201e-10
0.4636 0.002 2.21e-10 1.02278e-09
0.4638 0.002 6.29e-11 1.07539e-09
0.464 0.002 2.84e-10 1.12983e-09
0.4642 0.002 1.4e-10 1.1861e-09
0.4644 0.002 3.74e-10 1.2442e-09
0.4646 0.002 3.84e-10 1.3041e-09
0.4648 0.002 1.35e-10 1.36579e-09
0.465 0.002 2.29e-10 1.42924e-09
0.4652 0.002 1.52e-10 1.49443e-09
0.4654 0.002 1.01e-10 1.56131e-09
0.4656 0.002 3.12e-10 1.62984e-09
0.4658 0.002 2.54e-10 1.7e-09
0.466 0.002 4.73e-11 1.77172e-09
0.4662 0.002 7.38e-11 1.84497e-09
0.4664 0.002 2.66e-10 1.91967e-09
0.4666 0.002 5.85e-10 1.99579e-09
0.4668 0.002 6.77e-10 2.07326e-09
0.467 0.002 7.9e-10 2.15202e-09
0.4672 0.002 1.25e-09 2.23201e-09
0.4674 0.002 1.03e-09 2.31317e-09
0.4676 0.002 1.62e-09 2.39542e-09
0.4678 0.002 1.98e-09 2.47872e-09
0.468 0.002 1.92e-09 2.56299e-09
0.4682 0.002 2.44e-09 2.64817e-09
0.4684 0.002 3.09e-09 2.7342e-09
0.4686 0.002 3.62e-09 2.82102e-09
0.4688 0.002 3.17e-09 2.90857e-09
0.469 0.002 3.64e-09 2.99678e-09
0.4692 0.002 3.83e-09 3.0856e-09
0.4694 0.002 4.78e-09 3.17498e-09
0.4696 0.002 3.84e-09 3.26486e-09
0.4698 0.002 3.86e-09 3.35519e-09
0.47 0.002 3.83e-09 3.44592e-09
0.4702 0.002 3.92e-09 3.537e-09
0.4704 0.002 4.31e-09 3.62839e-09
0.4706 0.002 3.98e-09 3.72005e-09
0.4708 0.002 4.34e-09 3.81193e-09
0.471 0.002 3.96e-09 3.90399e-09
0.4712 0.002 4.41e-09 3.9962e-09
0.4714 0.002 3.96e-09 4.08851e-09
0.4716 0.002 3.87e-09 4.18088e-09
0.4718 0.002 4.4e-09 4.2733e-09
0.472 0.002 4.3e-09 4.36571e-09
0.4722 0.002 3.76e-09 4.45808e-09
0.4724 0.002 3.4e-09 4.55038e-09
0.4726 0.002 3.27e-09 4.64257e-09
0.4728 0.002 3.19e-09 4.73462e-09
0.473 0.002 3.43e-09 4.82649e-09
0.4732 0.002 2.81e-09 4.91813e-09
0.4734 0.002 2.44e-09 5.00953e-09
0.4736 0.002 2.32e-09 5.10062e-09
0.4738 0.002 1.91e-09 5.19136e-09
0.474 0.002 1.59e-09 5.28172e-09
0.4742 0.002 1.59e-09 5.37164e-09
0.4744 0.002 1.68e-09 5.46107e-09
0.4746 0.002 1e-09 5.54996e-09
0.4748 0.002 7.56e-10 5.63824e-09
0.475 0.002 9.46e-10 5.72585e-09
0.4752 0.002 1.06e-09 5.81273e-09
0.4754 0.002 1.02e-09 5.8988e-09
0.4756 0.002 5.19e-10 5.984e-09
0.4758 0.002 6.73e-10 6.06823e-09
0.476 0.002 2.41e-10 6.15141e-09
0.4762 0.002 3.03e-10 6.23346e-09
0.4764 0.002 2.68e-10 6.31427e-09
0.4766 0.002 3.93e-10 6.39373e-09
0.4768 0.002 2.08e-10 6.47176e-09
0.477 0.002 5.71e-11 6.54822e-09
0.4772 0.002 1.89e-11 6.623e-09
0.4774 0.002 4.68e-10 6.69598e-09
0.4776 0.002 7.93e-11 6.76702e-09
0.4778 0.002 1.05e-10 6.83599e-09
0.478 0.002 6.84e-10 6.90275e-09
0.4782 0.002 3.8e-11 6.96715e-09
0.4784 0.002 2.56e-10 7.02904e-09
0.4786 0.002 3.42e-10 7.08826e-09
0.4788 0.002 2.22e-10 7.14466e-09
0.479 0.002 8.32e-11 7.19807e-09
0.4792 0.002 2.64e-10 7.24833e-09
0.4796 0.002 1.5e-10 7.33872e-09
0.4798 0.002 3.13e-10 7.37852e-09
0.48 0.002 6.07e-10 7.41449e-09
0.4802 0.002 6.5e-11 7.44647e-09
0.4804 0.002 1.35e-10 7.4743e-09
0.4806 0.002 4.82e-10 7.49781e-09
0.4808 0.002 2.33e-10 7.51686e-09
0.481 0.002 1.45e-10 7.53129e-09
0.4812 0.002 4.49e-10 7.54097e-09
0.4814 0.002 2.77e-10 7.54577e-09
0.4818 0.002 4.22e-10 7.54023e-09
0.482 0.002 2.04e-11 7.5297e-09
0.4822 0.002 4.21e-10 7.51388e-09
0.4824 0.002 4.64e-10 7.4927e-09
0.4826 0.002 3.02e-11 7.46612e-09
0.4828 0.002 2.75e-10 7.43411e-09
0.483 0.002 5.67e-10 7.39665e-09
0.4832 0.002 6.56e-10 7.35376e-09
0.4834 0.002 4.06e-10 7.30546e-09
0.4836 0.002 3.63e-10 7.25181e-09
0.4838 0.002 7.54e-10 7.19286e-09
0.484 0.002 4.77e-10 7.12873e-09
0.4842 0.002 4.64e-10 7.05951e-09
0.4844 0.002 4.67e-10 6.98534e-09
0.4846 0.002 3.14e-11 6.90637e-09
0.4848 0.002 3.03e-10 6.82278e-09
0.485 0.002 7.78e-11 6.73476e-09
0.4852 0.002 1.76e-10 6.64251e-09
0.4854 0.002 2.68e-10 6.54626e-09
0.4856 0.002 2.34e-10 6.44624e-09
0.4858 0.002 6.81e-10 6.34272e-09
0.486 0.002 5.2e-10 6.23595e-09
0.4862 0.002 2.29e-10 6.1262e-09
0.4864 0.002 5.62e-10 6.01376e-09
0.4866 0.002 3.86e-10 5.8989e-09
0.4868 0.002 7.44e-10 5.78192e-09
0.487 0.002 1.12e-09 5.66311e-09
0.4872 0.002 1.09e-09 5.54276e-09
0.4874 0.002 7.9e-10 5.42116e-09
0.4876 0.002 1e-09 5.2986e-09
0.4878 0.002 1.12e-09 5.17536e-09
0.488 0.002 1.29e-09 5.05171e-09
0.4882 0.002 1.45e-09 4.92792e-09
0.4884 0.002 1.53e-09 4.80425e-09
0.4886 0.002 1.94e-09 4.68094e-09
0.4888 0.002 2.3e-09 4.55825e-09
0.489 0.002 2.81e-09 4.43639e-09
0.4892 0.002 2.77e-09 4.31558e-09
0.4894 0.002 3.26e-09 4.19602e-09
0.4896 0.002 3.75e-09 4.07791e-09
0.4898 0.002 4.07e-09 3.96141e-09
0.49 0.002 4.89e-09 3.8467e-09
0.4902 0.002 5.45e-09 3.73392e-09
0.4904 0.002 5.7e-09 3.62322e-09
0.4906 0.002 6.21e-09 3.51472e-09
0.4908 0.002 6.78e-09 3.40853e-09
0.491 0.002 7.23e-09 3.30477e-09
0.4912 0.002 8.17e-09 3.20352e-09
0.4914 0.002 8.52e-09 3.10486e-09
0.4916 0.002 8.93e-09 3.00887e-09
0.4918 0.002 9.5e-09 2.91561e-09
0.492 0.002 1.01e-08 2.82514e-09
0.4922 0.002 1.07e-08 2.7375e-09
0.4924 0.002 1.13e-08 2.65273e-09
0.4926 0.002 1.22e-08 2.57088e-09
0.4928 0.002 1.24e-08 2.49196e-09
0.493 0.002 1.33e-08 2.41599e-09
0.4932 0.002 1.38e-08 2.34301e-09
0.4934 0.002 1.43e-08 2.27302e-09
0.4936 0.002 1.48e-08 2.20603e-09
0.4938 0.002 1.54e-08 2.14207e-09
0.494 0.002 1.56e-08 2.08112e-09
0.4942 0.002 1.61e-08 2.02321e-09
0.4944 0.002 1.62e-08 1.96833e-09
0.4946 0.002 1.66e-08 1.9165e-09
0.4948 0.002 1.64e-08 1.86772e-09
0.495 0.002 1.65e-08 1.822e-09
0.4952 0.002 1.65e-08 1.77934e-09
0.4954 0.002 1.63e-08 1.73977e-09
0.4956 0.002 1.62e-08 1.70329e-09
0.4958 0.002 1.56e-08 1.66992e-09
0.496 0.002 1.55e-08 1.63968e-09
0.4962 0.002 1.48e-08 1.6126e-09
0.4964 0.002 1.44e-08 1.58869e-09
0.4966 0.002 1.39e-08 1.568e-09
0.4968 0.002 1.35e-08 1.55056e-09
0.497 0.002 1.26e-08 1.53641e-09
0.4972 0.002 1.23e-08 1.52559e-09
0.4974 0.002 1.12e-08 1.51817e-09
0.4976 0.002 1.1e-08 1.51419e-09
0.4978 0.002 9.92e-09 1.51372e-09
0.498 0.002 9.5e-09 1.51684e-09
0.4982 0.002 9.01e-09 1.52362e-09
0.4984 0.002 8.41e-09 1.53414e-09
0.4986 0.002 7.92e-09 1.54849e-09
0.4988 0.002 7.32e-09 1.56677e-09
0.499 0.002 6.82e-09 1.58909e-09
0.4992 0.002 6.74e-09 1.61555e-09
0.4994 0.002 6.55e-09 1.64628e-09
0.4996 0.002 6.14e-09 1.68141e-09
0.4998 0.002 5.59e-09 1.72105e-09
0.5 0.002 5.81e-09 1.76536e-09
0.5002 0.002 5.41e-09 1.81448e-09
0.5004 0.002 5.21e-09 1.86856e-09
0.5006 0.002 4.8e-09 1.92777e-09
0.5008 0.002 4.72e-09 1.99226e-09
0.501 0.002 4.88e-09 2.06221e-09
0.5012 0.002 4.61e-09 2.13779e-09
0.5014 0.002 4.62e-09 2.21918e-09
0.5016 0.002 4.26e-09 2.30656e-09
0.5018 0.002 4.18e-09 2.40012e-09
0.502 0.002 4.39e-09 2.50004e-09
0.5022 0.002 4.2e-09 2.60652e-09
0.5024 0.002 4.36e-09 2.71973e-09
0.5026 0.002 4.38e-09 2.83987e-09
0.5028 0.002 4.01e-09 2.96712e-09
0.503 0.002 4.09e-09 3.10165e-09
0.5032 0.002 4.2e-09 3.24363e-09
0.5034 0.002 4.12e-09 3.39324e-09
0.5036 0.002 4.19e-09 3.55063e-09
0.5038 0.002 4.25e-09 3.71594e-09
0.504 0.002 4.18e-09 3.88931e-09
0.5042 0.002 4.35e-09 4.07086e-09
0.5044 0.002 4.57e-09 4.26069e-09
0.5046 0.002 4.68e-09 4.45891e-09
0.5048 0.002 4.64e-09 4.66556e-09
0.505 0.002 4.62e-09 4.88072e-09
0.5052 0.002 4.67e-09 5.10441e-09
0.5054 0.002 4.54e-09 5.33663e-09
0.5056 0.002 4.44e-09 5.57738e-09
0.5058 0.002 4.93e-09 5.82662e-09
0.506 0.002 4.91e-09 6.08429e-09
0.5062 0.002 5.06e-09 6.35031e-09
0.5064 0.002 5.04e-09 6.62456e-09
0.5066 0.002 5.57e-09 6.90692e-09
0.5068 0.002 5.66e-09 7.19721e-09
0.507 0.002 5.69e-09 7.49528e-09
0.5072 0.002 6.28e-09 7.8009e-09
0.5074 0.002 6.35e-09 8.11385e-09
0.5076 0.002 6.64e-09 8.43389e-09
0.5078 0.002 6.82e-09 8.76074e-09
0.508 0.002 7.24e-09 9.09413e-09
0.5082 0.002 7.8e-09 9.43373e-09
0.5084 0.002 8.29e-09 9.77924e-09
0.5086 0.002 8.95e-09 1.01303e-08
0.5088 0.002 9.27e-09 1.04866e-08
0.509 0.002 9.78e-09 1.08477e-08
0.5092 0.002 1.08e-08 1.12133e-08
0.5094 0.002 1.13e-08 1.1583e-08
0.5096 0.002 1.26e-08 1.19564e-08
0.5098 0.002 1.35e-08 1.23332e-08
0.51 0.002 1.48e-08 1.27128e-08
0.5102 0.002 1.54e-08 1.30949e-08
0.5104 0.002 1.69e-08 1.34791e-08
0.5106 0.002 1.77e-08 1.38649e-08
0.5108 0.002 1.84e-08 1.4252e-08
0.511 0.002 1.98e-08 1.464e-08
0.5112 0.002 2.01e-08 1.50284e-08
0.5114 0.002 2.16e-08 1.54168e-08
0.5116 0.002 2.22e-08 1.58048e-08
0.5118 0.002 2.32e-08 1.61921e-08
0.512 0.002 2.39e-08 1.65782e-08
0.5122 0.002 2.51e-08 1.69627e-08
0.5124 0.002 2.53e-08 1.73453e-08
0.5126 0.002 2.63e-08 1.77256e-08
0.5128 0.002 2.67e-08 1.81032e-08
0.513 0.002 2.74e-08 1.84779e-08
0.5132 0.002 2.75e-08 1.88491e-08
0.5134 0.002 2.82e-08 1.92168e-08
0.5136 0.002 2.79e-08 1.95804e-08
0.5138 0.002 2.85e-08 1.99397e-08
0.514 0.002 2.8e-08 2.02944e-08
0.5142 0.002 2.84e-08 2.06443e-08
0.5144 0.002 2.8e-08 2.09891e-08
0.5146 0.002 2.81e-08 2.13285e-08
0.5148 0.002 2.76e-08 2.16622e-08
0.515 0.002 2.79e-08 2.19901e-08
0.5152 0.002 2.71e-08 2.23119e-08
0.5154 0.002 2.71e-08 2.26275e-08
0.5156 0.002 2.68e-08 2.29366e-08
0.5158 0.002 2.66e-08 2.3239e-08
0.516 0.002 2.65e-08 2.35346e-08
0.5162 0.002 2.58e-08 2.38232e-08
0.5164 0.002 2.58e-08 2.41047e-08
0.5166 0.002 2.54e-08 2.43788e-08
0.5168 0.002 2.52e-08 2.46455e-08
0.517 0.002 2.48e-08 2.49046e-08
0.5172 0.002 2.47e-08 2.51559e-08
0.5174 0.002 2.44e-08 2.53994e-08
0.5176 0.002 2.41e-08 2.5635e-08
0.5178 0.002 2.37e-08 2.58624e-08
0.518 0.002 2.38e-08 2.60817e-08
0.5182 0.002 2.32e-08 2.62926e-08
0.5184 0.002 2.35e-08 2.64951e-08
0.5186 0.002 2.28e-08 2.66891e-08
0.5188 0.002 2.29e-08 2.68745e-08
0.519 0.002 2.26e-08 2.70511e-08
0.5192 0.002 2.24e-08 2.7219e-08
0.5194 0.002 2.21e-08 2.7378e-08
0.5196 0.002 2.21e-08 2.7528e-08
0.5198 0.002 2.14e-08 2.7669e-08
0.52 0.002 2.17e-08 2.78008e-08
0.5202 0.002 2.12e-08 2.79234e-08
0.5204 0.002 2.1e-08 2.80369e-08
0.5206 0.002 2.08e-08 2.8141e-08
0.5208 0.002 2.06e-08 2.82358e-08
0.521 0.002 2.03e-08 2.83211e-08
0.5212 0.002 1.91e-08 2.83971e-08
0.5214 0.002 1.92e-08 2.84637e-08
0.5216 0.002 1.87e-08 2.85208e-08
0.5218 0.002 1.89e-08 2.85684e-08
0.522 0.002 1.85e-08 2.86066e-08
0.5222 0.002 1.85e-08 2.86353e-08
0.5224 0.002 1.83e-08 2.86546e-08
0.5226 0.002 1.96e-08 2.86645e-08
0.5228 0.002 1.91e-08 2.8665e-08
0.523 0.002 1.97e-08 2.86561e-08
0.5232 0.002 1.91e-08 2.86378e-08
0.5234 0.002 1.96e-08 2.86103e-08
0.5236 0.002 1.93e-08 2.85735e-08
0.5238 0.002 1.96e-08 2.85278e-08
0.524 0.002 1.95e-08 2.84745e-08
0.5242 0.002 1.98e-08 2.8419e-08
0.5244 0.002 1.97e-08 2.83728e-08
0.5246 0.002 2.01e-08 2.83498e-08
0.5248 0.002 2.01e-08 2.83584e-08
0.525 0.002 2.04e-08 2.84006e-08
0.5252 0.002 2.06e-08 2.8476e-08
0.5254 0.002 2.1e-08 2.85836e-08
0.5256 0.002 2.13e-08 2.87225e-08
0.5258 0.002 2.13e-08 2.88918e-08
0.526 0.002 2.21e-08 2.90898e-08
0.5262 0.002 2.21e-08 2.93117e-08
0.5264 0.002 2.28e-08 2.95461e-08
0.5266 0.002 2.3e-08 2.97791e-08
0.5268 0.002 2.36e-08 3.00014e-08
0.527 0.002 2.41e-08 3.02102e-08
0.5272 0.002 2.47e-08 3.04055e-08
0.5274 0.002 2.48e-08 3.05877e-08
0.5276 0.002 2.6e-08 3.07573e-08
0.5278 0.002 2.63e-08 3.09146e-08
0.528 0.002 2.72e-08 3.10598e-08
0.5282 0.002 2.76e-08 3.11928e-08
0.5284 0.002 2.88e-08 3.13138e-08
0.5286 0.002 2.9e-08 3.14228e-08
0.5288 0.002 3.01e-08 3.15201e-08
0.529 0.002 3.08e-08 3.16055e-08
0.5292 0.002 3.17e-08 3.16795e-08
0.5294 0.002 3.24e-08 3.1742e-08
0.5296 0.002 3.36e-08 3.17934e-08
0.5298 0.002 3.42e-08 3.18339e-08
0.53 0.002 3.55e-08 3.18638e-08
0.5302 0.002 3.64e-08 3.18834e-08
0.5304 0.002 3.71e-08 3.1893e-08
0.5306 0.002 3.84e-08 3.18931e-08
0.5308 0.002 3.89e-08 3.18842e-08
0.531 0.002 3.98e-08 3.18666e-08
0.5312 0.002 4.01e-08 3.18408e-08
0.5314 0.002 4.1e-08 3.18075e-08
0.5316 0.002 4.11e-08 3.1767e-08
0.5318 0.002 4.16e-08 3.17201e-08
0.532 0.002 4.18e-08 3.16672e-08
0.5322 0.002 4.22e-08 3.1609e-08
0.5324 0.002 4.18e-08 3.15461e-08
0.5326 0.002 4.24e-08 3.14792e-08
0.5328 0.002 4.2e-08 3.14089e-08
0.533 0.002 4.23e-08 3.13357e-08
0.5332 0.002 4.15e-08 3.12605e-08
0.5334 0.002 3.93e-08 3.11837e-08
0.5336 0.002 3.85e-08 3.1106e-08
0.5338 0.002 3.81e-08 3.1028e-08
0.534 0.002 3.72e-08 3.09504e-08
0.5342 0.002 3.65e-08 3.08736e-08
0.5344 0.002 3.52e-08 3.07984e-08
0.5346 0.002 3.47e-08 3.07251e-08
0.5348 0.002 3.32e-08 3.06543e-08
0.535 0.002 3.29e-08 3.05865e-08
0.5352 0.002 3.2e-08 3.05222e-08
0.5354 0.002 3.05e-08 3.04617e-08
0.5356 0.002 3.01e-08 3.04055e-08
0.5358 0.002 2.98e-08 3.0354e-08
0.536 0.002 3.07e-08 3.03074e-08
0.5362 0.002 2.98e-08 3.02661e-08
0.5364 0.002 2.72e-08 3.02303e-08
0.5366 0.002 2.9e-08 3.02003e-08
0.5368 0.002 2.85e-08 3.01763e-08
0.537 0.002 2.78e-08 3.01584e-08
0.5372 0.002 2.8e-08 3.01469e-08
0.5374 0.002 2.74e-08 3.01418e-08
0.5376 0.002 2.76e-08 3.01432e-08
0.5378 0.002 2.7e-08 3.01511e-08
0.538 0.002 2.72e-08 3.01658e-08
0.5382 0.002 2.68e-08 3.0187e-08
0.5384 0.002 2.68e-08 3.02149e-08
0.5386 0.002 2.66e-08 3.02494e-08
0.5388 0.002 2.64e-08 3.02905e-08
0.539 0.002 2.45e-08 3.03382e-08
0.5392 0.002 2.43e-08 3.03922e-08
0.5394 0.002 2.45e-08 3.04527e-08
0.5396 0.002 2.52e-08 3.05194e-08
0.5398 0.002 2.66e-08 3.05922e-08
0.54 0.002 2.64e-08 3.06711e-08
0.5402 0.002 2.66e-08 3.07559e-08
0.5404 0.002 2.65e-08 3.08465e-08
0.5406 0.002 2.68e-08 3.09426e-08
0.5408 0.002 2.65e-08 3.10442e-08
0.541 0.002 2.7e-08 3.11512e-08
0.5412 0.002 2.69e-08 3.12633e-08
0.5414 0.002 2.69e-08 3.13804e-08
0.5416 0.002 2.71e-08 3.15023e-08
0.5418 0.002 2.74e-08 3.16288e-08
0.542 0.002 2.72e-08 3.17599e-08
0.5422 0.002 2.79e-08 3.18953e-08
0.5424 0.002 2.75e-08 3.20349e-08
0.5426 0.002 2.81e-08 3.21785e-08
0.5428 0.002 2.79e-08 3.23259e-08
0.543 0.002 2.84e-08 3.2477e-08
0.5432 0.002 2.83e-08 3.26317e-08
0.5434 0.002 2.9e-08 3.27897e-08
0.5436 0.002 2.9e-08 3.2951e-08
0.5438 0.002 2.9e-08 3.31153e-08
0.544 0.002 2.96e-08 3.32825e-08
0.5442 0.002 2.96e-08 3.34526e-08
0.5444 0.002 2.99e-08 3.36252e-08
0.5446 0.002 3e-08 3.38004e-08
0.5448 0.002 3.05e-08 3.3978e-08
0.545 0.002 3.04e-08 3.41579e-08
0.5452 0.002 3.09e-08 3.43398e-08
0.5454 0.002 3.07e-08 3.45238e-08
0.5456 0.002 3.14e-08 3.47097e-08
0.5458 0.002 3.12e-08 3.48973e-08
0.546 0.002 3.19e-08 3.50867e-08
0.5462 0.002 3.21e-08 3.52776e-08
0.5464 0.002 3.26e-08 3.54699e-08
0.5466 0.002 3.24e-08 3.56637e-08
0.5468 0.002 3.35e-08 3.58587e-08
0.547 0.002 3.31e-08 3.60549e-08
0.5472 0.002 3.41e-08 3.62522e-08
0.5474 0.002 3.42e-08 3.64505e-08
0.5476 0.002 3.5e-08 3.66497e-08
0.5478 0.002 3.51e-08 3.68498e-08
0.548 0.002 3.65e-08 3.70507e-08
0.5482 0.002 3.64e-08 3.72524e-08
0.5484 0.002 3.73e-08 3.74546e-08
0.5486 0.002 3.87e-08 3.76574e-08
0.5488 0.002 3.89e-08 3.78608e-08
0.549 0.002 4.04e-08 3.80646e-08
0.5492 0.002 4.12e-08 3.82689e-08
0.5494 0.002 4.25e-08 3.84734e-08
0.5496 0.002 4.31e-08 3.86783e-08
0.5498 0.002 4.51e-08 3.88834e-08
