0.3502 0.006 3.501e-10 6.14515e-26
0.3504 0.006 3.22e-10 6.60107e-26
0.3506 0.006 1.6438e-10 7.09082e-26
0.3508 0.006 8.241e-11 7.61692e-26
0.351 0.006 2.7526e-10 8.18205e-26
0.3512 0.006 4.423e-11 8.78911e-26
0.3514 0.006 2.5297e-10 9.44123e-26
0.3516 0.006 2.431e-11 1.01417e-25
0.3518 0.006 3.4154e-10 1.08942e-25
0.352 0.006 4.224e-11 1.17025e-25
0.3524 0.006 5.3116e-10 1.35036e-25
0.3526 0.006 7.215e-11 1.45056e-25
0.3528 0.006 3.8966e-10 1.55819e-25
0.353 0.006 3.4152e-10 1.67381e-25
0.3532 0.006 5.8944e-10 1.79801e-25
0.3534 0.006 2.2966e-10 1.93142e-25
0.3536 0.006 1.5646e-10 2.07474e-25
0.3538 0.006 5.548e-11 2.22869e-25
0.354 0.006 1.0831e-10 2.39407e-25
0.3542 0.006 4.6344e-10 2.57172e-25
0.3544 0.006 2.6947e-10 2.76256e-25
0.3546 0.006 5.5151e-10 2.96756e-25
0.3548 0.006 4.9349e-10 3.18777e-25
0.355 0.006 2.1558e-10 3.42432e-25
0.3552 0.006 5.5514e-10 3.67843e-25
0.3554 0.006 2.582e-11 3.9514e-25
0.3556 0.006 2.808e-10 4.24463e-25
0.3558 0.006 2.5712e-10 4.55962e-25
0.356 0.006 3.375e-10 4.89799e-25
0.3562 0.006 2.9104e-10 5.26147e-25
0.3564 0.006 3.5313e-10 5.65193e-25
0.3566 0.006 2.3105e-10 6.07137e-25
0.3568 0.006 5.9509e-10 6.52193e-25
0.357 0.006 3.626e-11 7.00594e-25
0.3572 0.006 3.34e-11 7.52587e-25
0.3574 0.006 1.3409e-10 8.08439e-25
0.3576 0.006 1.2004e-10 8.68436e-25
0.3578 0.006 4.15e-11 9.32886e-25
0.358 0.006 1.332e-11 1.00212e-24
0.3582 0.006 2.7204e-10 1.07649e-24
0.3584 0.006 1.1676e-10 1.15638e-24
0.3588 0.006 2.8222e-10 1.3344e-24
0.359 0.006 2.294e-11 1.43343e-24
0.3592 0.006 2.9578e-10 1.53982e-24
0.3594 0.006 1.6748e-10 1.6541e-24
0.3596 0.006 2.809e-10 1.77686e-24
0.3598 0.006 1.2565e-10 1.90874e-24
0.3602 0.006 1.0143e-10 2.20258e-24
0.3604 0.006 1.0686e-10 2.36606e-24
0.3606 0.006 4.799e-11 2.54167e-24
0.3608 0.006 2.4117e-10 2.73031e-24
0.361 0.006 2.5557e-10 2.93296e-24
0.3612 0.006 2.9464e-10 3.15065e-24
0.3614 0.006 3.2462e-10 3.38449e-24
0.3616 0.006 2.9227e-10 3.6357e-24
0.3618 0.006 3.0089e-10 3.90555e-24
0.362 0.006 1.1558e-10 4.19542e-24
0.3622 0.006 9.137e-11 4.50682e-24
0.3624 0.006 8.89e-11 4.84133e-24
0.3626 0.006 3.4566e-10 5.20067e-24
0.3628 0.006 6.108e-11 5.58669e-24
0.363 0.006 2.9814e-10 6.00136e-24
0.3632 0.006 5.9802e-10 6.44681e-24
0.3634 0.006 3.7344e-10 6.92532e-24
0.3636 0.006 3.72e-10 7.43936e-24
0.3638 0.006 2.0089e-10 7.99155e-24
0.364 0.006 2.7815e-10 8.58473e-24
0.3642 0.006 6.312e-11 9.22194e-24
0.3644 0.006 8.593e-11 9.90645e-24
0.3646 0.006 4.9911e-10 1.06418e-23
0.3648 0.006 4.048e-10 1.14317e-23
0.365 0.006 8.65e-11 1.22802e-23
0.3652 0.006 8.74e-11 1.31918e-23
0.3654 0.006 4.551e-10 1.4171e-23
0.3656 0.006 1.745e-10 1.52229e-23
0.3658 0.006 4.708e-10 1.63528e-23
0.366 0.006 4.256e-10 1.75667e-23
0.3662 0.006 1.4273e-10 1.88706e-23
0.3664 0.006 6.0736e-10 2.02714e-23
0.3666 0.006 2.6848e-10 2.17761e-23
0.3668 0.006 5.3766e-10 2.33926e-23
0.367 0.006 3.3079e-10 2.5129e-23
0.3672 0.006 3.7807e-10 2.69944e-23
0.3674 0.006 1.8496e-10 2.89982e-23
0.3676 0.006 3.9017e-10 3.11507e-23
0.3678 0.006 4.4849e-10 3.34631e-23
0.368 0.006 3.6051e-10 3.59471e-23
0.3682 0.006 5.7684e-10 3.86155e-23
0.3684 0.006 2.5732e-10 4.1482e-23
0.3686 0.006 4.9542e-10 4.45613e-23
0.3688 0.006 1.7081e-10 4.78692e-23
0.369 0.006 3.3659e-10 5.14227e-23
0.3692 0.006 3.2953e-10 5.524e-23
0.3694 0.006 3.8209e-10 5.93406e-23
0.3696 0.006 2.0919e-10 6.37456e-23
0.3698 0.006 5.986e-11 6.84777e-23
0.37 0.006 1.5499e-10 7.35611e-23
0.3702 0.006 1.7399e-10 7.90218e-23
0.3704 0.006 3.4846e-10 8.48879e-23
0.3706 0.006 1.2493e-10 9.11895e-23
0.3708 0.006 2.4655e-10 9.79589e-23
0.371 0.006 2.5514e-10 1.05231e-22
0.3712 0.006 3.69e-11 1.13043e-22
0.3714 0.006 1.1254e-10 1.21434e-22
0.3716 0.006 4.6707e-10 1.30449e-22
0.3718 0.006 8.922e-11 1.40133e-22
0.372 0.006 1.7885e-10 1.50536e-22
0.3722 0.006 4.1442e-10 1.61711e-22
0.3724 0.006 2.7399e-10 1.73716e-22
0.3726 0.006 3.098e-10 1.86612e-22
0.3728 0.006 9.269e-11 2.00466e-22
0.373 0.006 5.6116e-10 2.15347e-22
0.3732 0.006 4.4954e-10 2.31334e-22
0.3734 0.006 2.321e-11 2.48508e-22
0.3736 0.006 2.7043e-10 2.66956e-22
0.3738 0.006 3.2936e-10 2.86774e-22
0.374 0.006 2.2031e-10 3.08064e-22
0.3742 0.006 3.0112e-10 3.30934e-22
0.3744 0.006 5.2882e-10 3.55502e-22
0.3746 0.006 2.0325e-10 3.81893e-22
0.3748 0.006 8.907e-11 4.10244e-22
0.375 0.006 1.5442e-10 4.407e-22
0.3752 0.006 1.086e-11 4.73417e-22
0.3754 0.006 3.625e-11 5.08563e-22
0.3756 0.006 3.719e-11 5.46318e-22
0.3758 0.006 2.1925e-10 5.86876e-22
0.376 0.006 1.0441e-10 6.30445e-22
0.3762 0.006 1.3314e-10 6.77249e-22
0.3764 0.006 2.065e-10 7.27528e-22
0.3766 0.006 9.128e-11 7.81539e-22
0.3768 0.006 2.5754e-10 8.3956e-22
0.377 0.006 2.731e-10 9.01889e-22
0.3772 0.006 3.0563e-10 9.68845e-22
0.3774 0.006 4.4116e-10 1.04077e-21
0.3776 0.006 1.7653e-10 1.11804e-21
0.3778 0.006 1.7799e-10 1.20104e-21
0.3782 0.006 2.1318e-10 1.386e-21
0.3784 0.006 5.738e-11 1.48889e-21
0.3786 0.006 1.6315e-10 1.59943e-21
0.3788 0.006 2.5599e-10 1.71817e-21
0.379 0.006 2.4769e-10 1.84573e-21
0.3792 0.006 4.569e-11 1.98276e-21
0.3794 0.006 8.669e-11 2.12996e-21
0.3796 0.006 4.6287e-10 2.28809e-21
0.3798 0.006 2.02e-10 2.45797e-21
0.38 0.006 3.2354e-10 2.64045e-21
0.3802 0.006 6.2565e-10 2.83648e-21
0.3804 0.006 2.0814e-10 3.04707e-21
0.3806 0.006 3.0174e-10 3.27329e-21
0.3808 0.006 1.5962e-10 3.5163e-21
0.381 0.006 7.459e-10 3.77736e-21
0.3812 0.006 4.3501e-10 4.0578e-21
0.3814 0.006 2.5935e-10 4.35906e-21
0.3816 0.006 3.669e-11 4.68269e-21
0.3818 0.006 2.9863e-10 5.03035e-21
0.382 0.006 4.4168e-10 5.40381e-21
0.3822 0.006 9.95e-11 5.80501e-21
0.3824 0.006 4.9378e-10 6.23599e-21
0.3826 0.006 1.8141e-10 6.69896e-21
0.3828 0.006 1.8218e-10 7.19632e-21
0.383 0.006 4.5939e-10 7.73059e-21
0.3832 0.006 1.4517e-10 8.30454e-21
0.3834 0.006 3.2319e-10 8.9211e-21
0.3836 0.006 3.0537e-10 9.58343e-21
0.3838 0.006 6.4493e-10 1.02949e-20
0.3842 0.006 4.7138e-10 1.18804e-20
0.3844 0.006 1.2281e-10 1.27624e-20
0.3846 0.006 5.177e-11 1.37099e-20
0.3848 0.006 8.098e-11 1.47278e-20
0.3852 0.006 2.9898e-10 1.69959e-20
0.3854 0.006 2.2813e-10 1.82577e-20
0.386 0.006 2.1318e-10 2.26337e-20
0.3862 0.006 1.8768e-10 2.43142e-20
0.3864 0.006 7.242e-11 2.61194e-20
0.3866 0.006 1.7774e-10 2.80586e-20
0.3868 0.006 1.1302e-10 3.01418e-20
0.387 0.006 3.876e-10 3.23797e-20
0.3872 0.006 3.1285e-10 3.47837e-20
0.3874 0.006 4.3542e-10 3.73662e-20
0.3876 0.006 3.4392e-10 4.01405e-20
0.3878 0.006 1.507e-10 4.31207e-20
0.388 0.006 3.1669e-10 4.63222e-20
0.3882 0.006 9.027e-11 4.97614e-20
0.3884 0.006 2.5848e-10 5.34559e-20
0.3886 0.006 4.193e-11 5.74248e-20
0.3888 0.006 4.776e-10 6.16883e-20
0.389 0.006 1.9711e-10 6.62684e-20
0.3892 0.006 2.6371e-10 7.11886e-20
0.3894 0.006 2.3657e-10 7.6474e-20
0.3896 0.006 2.918e-11 8.21519e-20
0.3898 0.006 2.7673e-10 8.82513e-20
0.39 0.006 2.9526e-10 9.48036e-20
0.3902 0.006 2.8728e-10 1.01842e-19
0.3904 0.006 7.456e-11 1.09404e-19
0.3906 0.006 7.197e-11 1.17527e-19
0.3908 0.006 5.07e-11 1.26252e-19
0.391 0.006 2.2693e-10 1.35626e-19
0.3912 0.006 6.371e-11 1.45696e-19
0.3914 0.006 1.632e-10 1.56513e-19
0.3916 0.006 3.7608e-10 1.68134e-19
0.3918 0.006 2.235e-11 1.80617e-19
0.392 0.006 5.384e-11 1.94027e-19
0.3922 0.006 2.6724e-10 2.08433e-19
0.3924 0.006 8.679e-11 2.23908e-19
0.3926 0.006 6.079e-11 2.40533e-19
0.3928 0.006 2.1355e-10 2.58392e-19
0.393 0.006 4.605e-10 2.77576e-19
0.3932 0.006 5.67e-11 2.98185e-19
0.3934 0.006 2.135e-10 3.20325e-19
0.3936 0.006 6.024e-10 3.44108e-19
0.3938 0.006 4.207e-10 3.69657e-19
0.394 0.006 5.18e-10 3.97103e-19
0.3942 0.006 8.61e-11 4.26586e-19
0.3944 0.006 2.529e-10 4.58259e-19
0.3946 0.006 3.729e-10 4.92283e-19
0.3948 0.006 3.5e-11 5.28834e-19
0.395 0.006 2.154e-10 5.68098e-19
0.3952 0.006 5.087e-10 6.10278e-19
0.3954 0.006 2.145e-10 6.55589e-19
0.3956 0.006 3.329e-10 7.04265e-19
0.3958 0.006 5.434e-10 7.56555e-19
0.396 0.006 3.393e-10 8.12727e-19
0.3962 0.006 2.608e-10 8.7307e-19
0.3964 0.006 3.83e-11 9.37893e-19
0.3966 0.006 3.7252e-10 1.00753e-18
0.3968 0.006 3.0929e-10 1.08234e-18
0.397 0.006 1.9228e-10 1.1627e-18
0.3972 0.006 2.9558e-10 1.24902e-18
0.3974 0.006 2.7936e-10 1.34176e-18
0.3976 0.006 1.14e-10 1.44138e-18
0.3978 0.006 2.7949e-10 1.5484e-18
0.398 0.006 1.5308e-10 1.66337e-18
0.3982 0.006 7.0685e-10 1.78687e-18
0.3984 0.006 1.3259e-10 1.91954e-18
0.3986 0.006 9.652e-11 2.06206e-18
0.3988 0.006 3.171e-11 2.21516e-18
0.399 0.006 3.3708e-10 2.37964e-18
0.3992 0.006 2.8863e-10 2.55632e-18
0.3994 0.006 2.6976e-10 2.74612e-18
0.3996 0.006 2.5436e-10 2.95001e-18
0.3998 0.006 7.798e-11 3.16905e-18
0.4002 0.006 3.9398e-10 3.65711e-18
0.4004 0.006 2.2978e-10 3.92864e-18
0.4006 0.006 7.952e-11 4.22033e-18
0.4008 0.006 5.092e-10 4.53369e-18
0.401 0.006 8.1847e-10 4.8703e-18
0.4012 0.006 2.915e-10 5.23192e-18
0.4014 0.006 2.6742e-10 5.62038e-18
0.4016 0.006 6.2073e-10 6.03768e-18
0.4018 0.006 8.488e-11 6.48597e-18
0.402 0.006 2.5361e-10 6.96754e-18
0.4022 0.006 5.05e-11 7.48487e-18
0.4024 0.006 6.011e-11 8.0406e-18
0.4028 0.006 3.2037e-10 9.27893e-18
0.403 0.006 1.6669e-10 9.96788e-18
0.4032 0.006 4.2553e-10 1.0708e-17
0.4034 0.006 8.313e-11 1.1503e-17
0.4036 0.006 3.252e-11 1.23571e-17
0.4038 0.006 1.7269e-10 1.32746e-17
0.404 0.006 4.1482e-10 1.42602e-17
0.4042 0.006 1.252e-10 1.5319e-17
0.4044 0.006 8.78e-11 1.64564e-17
0.4046 0.006 5.0142e-10 1.76783e-17
0.4048 0.006 3.5056e-10 1.89909e-17
0.405 0.006 2.1375e-10 2.0401e-17
0.4052 0.006 4.1586e-10 2.19157e-17
0.4054 0.006 3.6526e-10 2.35429e-17
0.4056 0.006 3.204e-11 2.52909e-17
0.4058 0.006 1.0788e-10 2.71688e-17
0.406 0.006 3.8211e-10 2.9186e-17
0.4062 0.006 1.0175e-10 3.1353e-17
0.4064 0.006 1.113e-10 3.3681e-17
0.4066 0.006 2.6655e-10 3.61817e-17
0.4068 0.006 6.1493e-10 3.88682e-17
0.407 0.006 2.5171e-10 4.17541e-17
0.4072 0.006 1.5592e-10 4.48543e-17
0.4076 0.006 2.3408e-10 5.17623e-17
0.4078 0.006 9.832e-11 5.56056e-17
0.408 0.006 2.7965e-10 5.97343e-17
0.4082 0.006 2.2633e-10 6.41695e-17
0.4084 0.006 4.0559e-10 6.8934e-17
0.4086 0.006 4.1821e-10 7.40523e-17
0.4088 0.006 3.7826e-10 7.95506e-17
0.409 0.006 4.5067e-10 8.54571e-17
0.4092 0.006 3.0037e-10 9.18022e-17
0.4094 0.006 2.5445e-10 9.86185e-17
0.4096 0.006 2.7948e-10 1.05941e-16
0.4098 0.006 1.1571e-10 1.13807e-16
0.41 0.006 3.3392e-10 1.22257e-16
0.4102 0.006 1.3117e-10 1.31334e-16
0.4104 0.006 2.1803e-10 1.41086e-16
0.4106 0.006 4.38e-11 1.51561e-16
0.4108 0.006 3.3091e-10 1.62814e-16
0.411 0.006 2.714e-10 1.74903e-16
0.4112 0.006 1.184e-11 1.8789e-16
0.4114 0.006 4.2095e-10 2.0184e-16
0.4116 0.006 2.6982e-10 2.16827e-16
0.4118 0.006 3.1673e-10 2.32926e-16
0.4122 0.006 7.99e-11 2.68799e-16
0.4124 0.006 6.68e-11 2.88757e-16
0.4126 0.006 4.9609e-10 3.10197e-16
0.4128 0.006 6.1e-11 3.33229e-16
0.4134 0.006 3.2915e-10 4.13103e-16
0.4136 0.006 1.7707e-10 4.43775e-16
0.4138 0.006 8.474e-11 4.76725e-16
0.414 0.006 1.8248e-10 5.12121e-16
0.4142 0.006 1.2871e-10 5.50146e-16
0.4144 0.006 6.268e-11 5.90993e-16
0.4146 0.006 1.9885e-10 6.34874e-16
0.4148 0.006 6.1922e-10 6.82013e-16
0.415 0.006 5.66e-11 7.32652e-16
0.4152 0.006 2.4858e-10 7.8705e-16
0.4154 0.006 3.8091e-10 8.45488e-16
0.4156 0.006 2.502e-10 9.08264e-16
0.4158 0.006 1.6519e-10 9.75702e-16
0.416 0.006 6.301e-11 1.04815e-15
0.4162 0.006 3.0428e-10 1.12597e-15
0.4164 0.006 2.4185e-10 1.20957e-15
0.4168 0.006 2.7916e-10 1.39586e-15
0.417 0.006 2.1066e-10 1.4995e-15
0.4172 0.006 3.468e-10 1.61083e-15
0.4174 0.006 2.4937e-10 1.73044e-15
0.4176 0.006 2.8805e-10 1.85892e-15
0.4178 0.006 2.2292e-10 1.99694e-15
0.418 0.006 2.4921e-10 2.14521e-15
0.4182 0.006 3.0929e-10 2.30449e-15
0.4184 0.006 2.3822e-10 2.47559e-15
0.4186 0.006 1.682e-11 2.6594e-15
0.4188 0.006 3.01e-10 2.85686e-15
0.419 0.006 6.2305e-10 3.06897e-15
0.4192 0.006 2.5184e-10 3.29684e-15
0.4194 0.006 4.1867e-10 3.54162e-15
0.4196 0.006 1.2896e-10 3.80458e-15
0.4198 0.006 1.7336e-10 4.08706e-15
0.42 0.006 4.1831e-10 4.39051e-15
0.4202 0.006 2.3837e-10 4.71649e-15
0.4204 0.006 3.2765e-10 5.06668e-15
0.4208 0.006 3.798e-10 5.84698e-15
0.421 0.006 1.9143e-10 6.2811e-15
0.4212 0.006 5.2822e-10 6.74745e-15
0.4214 0.006 1.3605e-10 7.24842e-15
0.4216 0.006 3.8195e-10 7.78659e-15
0.4218 0.006 3.0986e-10 8.36471e-15
0.422 0.006 2.8482e-10 8.98575e-15
0.4222 0.006 1.5063e-10 9.65291e-15
0.4224 0.006 7.96e-11 1.03696e-14
0.4226 0.006 3.8737e-10 1.11395e-14
0.4228 0.006 2.5228e-10 1.19665e-14
0.423 0.006 2.8031e-10 1.2855e-14
0.4232 0.006 1.1296e-10 1.38094e-14
0.4234 0.006 4.7011e-10 1.48346e-14
0.4236 0.006 2.2189e-10 1.5936e-14
0.4238 0.006 2.18e-10 1.71191e-14
0.424 0.006 1.467e-10 1.83901e-14
0.4242 0.006 2.2372e-10 1.97554e-14
0.4244 0.006 2.3312e-10 2.12221e-14
0.4246 0.006 1.627e-10 2.27977e-14
0.4248 0.006 3.7144e-10 2.44902e-14
0.425 0.006 2.1879e-10 2.63083e-14
0.4252 0.006 9.382e-11 2.82614e-14
0.4254 0.006 3.841e-10 3.03596e-14
0.4256 0.006 2.3787e-10 3.26134e-14
0.4258 0.006 2.639e-10 3.50345e-14
0.426 0.006 1.5768e-10 3.76354e-14
0.4262 0.006 3.7223e-10 4.04293e-14
0.4264 0.006 5.2307e-10 4.34306e-14
0.4266 0.006 2.0633e-10 4.66546e-14
0.4268 0.006 2.2156e-10 5.0118e-14
0.427 0.006 6.398e-10 5.38384e-14
0.4272 0.006 3.232e-10 5.78349e-14
0.4274 0.006 3.196e-10 6.2128e-14
0.4276 0.006 2.1038e-10 6.67398e-14
0.4278 0.006 1.6845e-10 7.16937e-14
0.428 0.006 3.9886e-10 7.70153e-14
0.4282 0.006 1.0043e-10 8.27319e-14
0.4284 0.006 1.857e-10 8.88726e-14
0.4286 0.006 6.354e-11 9.5469e-14
0.4288 0.006 1.4372e-10 1.02555e-13
0.429 0.006 8.732e-11 1.10166e-13
0.4292 0.006 3.5326e-10 1.18343e-13
0.4294 0.006 1.811e-11 1.27126e-13
0.4296 0.006 3.669e-10 1.3656e-13
0.4298 0.006 4.1342e-10 1.46694e-13
0.43 0.006 2.8487e-10 1.57581e-13
0.4302 0.006 3.3817e-10 1.69274e-13
0.4304 0.006 2.6471e-10 1.81835e-13
0.4306 0.006 1.402e-10 1.95328e-13
0.4308 0.006 4.1992e-10 2.09821e-13
0.431 0.006 1.4505e-10 2.25389e-13
0.4312 0.006 4.0584e-10 2.42111e-13
0.4314 0.006 4.178e-11 2.60073e-13
0.4316 0.006 1.5801e-10 2.79367e-13
0.4318 0.006 6.643e-11 3.00091e-13
0.432 0.006 4.492e-10 3.22352e-13
0.4322 0.006 1.9917e-10 3.46262e-13
0.4324 0.006 1.786e-11 3.71944e-13
0.4326 0.006 2.8071e-10 3.9953e-13
0.433 0.006 3.4946e-10 4.60983e-13
0.4332 0.006 2.2851e-10 4.95165e-13
0.4334 0.006 4.5963e-10 5.31879e-13
0.4336 0.006 1.3825e-10 5.71311e-13
0.4338 0.006 1.3244e-10 6.13663e-13
0.4342 0.006 3.787e-10 7.08004e-13
0.4344 0.006 3.0228e-10 7.60474e-13
0.4346 0.006 2.9638e-10 8.16826e-13
0.4348 0.006 4.3731e-10 8.77346e-13
0.435 0.006 3.9053e-10 9.42342e-13
0.4352 0.006 1.9675e-10 1.01214e-12
0.4354 0.006 4.1871e-10 1.08711e-12
0.4356 0.006 6.3366e-10 1.16761e-12
0.4358 0.006 3.8464e-10 1.25406e-12
0.436 0.006 2.0793e-10 1.3469e-12
0.4362 0.006 3.177e-11 1.44659e-12
0.4364 0.006 1.5697e-10 1.55364e-12
0.4366 0.006 2.686e-11 1.66859e-12
0.4368 0.006 9.332e-11 1.79202e-12
0.437 0.006 2.6394e-10 1.92455e-12
0.4372 0.006 1.5143e-10 2.06684e-12
0.4374 0.006 8.4383e-10 2.21963e-12
0.4376 0.006 3.8327e-10 2.38366e-12
0.4378 0.006 6.3481e-10 2.55977e-12
0.438 0.006 1.651e-10 2.74883e-12
0.4382 0.006 4.4554e-10 2.9518e-12
0.4384 0.006 1.1888e-10 3.16968e-12
0.4386 0.006 5.5589e-10 3.40356e-12
0.4388 0.006 1.555e-11 3.65461e-12
0.439 0.006 1.343e-11 3.92408e-12
0.4392 0.006 1.5692e-10 4.21329e-12
0.4394 0.006 3.5346e-10 4.52369e-12
0.4396 0.006 1.7229e-10 4.85681e-12
0.4398 0.006 2.9439e-10 5.21428e-12
0.44 0.006 5.7546e-10 5.59787e-12
0.4402 0.006 1.828e-10 6.00945e-12
0.4404 0.006 4.4856e-10 6.45105e-12
0.4406 0.006 6.7681e-10 6.92481e-12
0.4408 0.006 4.0491e-10 7.43304e-12
0.441 0.006 1.8666e-10 7.9782e-12
0.4412 0.006 1.471e-10 8.56293e-12
0.4414 0.006 5.066e-10 9.19004e-12
0.4416 0.006 4.7085e-10 9.86255e-12
0.4418 0.006 1.1268e-10 1.05837e-11
0.442 0.006 3.2794e-10 1.13568e-11
0.4422 0.006 2.2215e-10 1.21857e-11
0.4424 0.006 3.252e-11 1.30741e-11
0.4426 0.006 3.1771e-10 1.40264e-11
0.4428 0.006 3.7613e-10 1.50468e-11
0.443 0.006 2.988e-10 1.61403e-11
0.4432 0.006 4.891e-11 1.73117e-11
0.4434 0.006 2.4792e-10 1.85665e-11
0.4436 0.006 3.56e-11 1.99104e-11
0.4438 0.006 7.912e-11 2.13495e-11
0.444 0.006 1.0169e-10 2.28903e-11
0.4442 0.006 3.044e-10 2.45395e-11
0.4444 0.006 2.5241e-10 2.63046e-11
0.4446 0.006 4.7177e-10 2.81931e-11
0.4448 0.006 5.4929e-10 3.02134e-11
0.445 0.006 6.1363e-10 3.23741e-11
0.4452 0.006 1.9403e-10 3.46844e-11
0.4454 0.006 7.801e-11 3.71541e-11
0.4456 0.006 1.6735e-10 3.97933e-11
0.4458 0.006 1.5823e-10 4.26129e-11
0.446 0.006 1.1872e-10 4.56244e-11
0.4462 0.006 1.0228e-10 4.88398e-11
0.4464 0.006 4.2302e-10 5.22717e-11
0.4466 0.006 8.779e-11 5.59335e-11
0.4468 0.006 1.9087e-10 5.98391e-11
0.447 0.006 6.568e-10 6.40032e-11
0.4472 0.006 2.6843e-10 6.8441e-11
0.4474 0.006 6.1576e-10 7.31687e-11
0.4476 0.006 4.3475e-10 7.82028e-11
0.4478 0.006 5.7602e-10 8.35607e-11
0.448 0.006 1.2083e-10 8.92607e-11
0.4482 0.006 1.27e-11 9.53213e-11
0.4484 0.006 8.643e-11 1.01762e-10
0.4486 0.006 3.0566e-10 1.08603e-10
0.4488 0.006 2.2987e-10 1.15865e-10
0.449 0.006 6.221e-11 1.23568e-10
0.4492 0.006 4.3029e-10 1.31736e-10
0.4494 0.006 3.721e-11 1.4039e-10
0.4496 0.006 5.628e-11 1.49553e-10
0.4498 0.006 4.152e-11 1.59248e-10
0.45 0.006 4.467e-11 1.69498e-10
0.4502 0.006 1.6026e-10 1.80327e-10
0.4504 0.006 1.7493e-10 1.91759e-10
0.4506 0.006 2.6301e-10 2.03817e-10
0.4508 0.006 2.9038e-10 2.16526e-10
0.451 0.006 2.7501e-10 2.29908e-10
0.4512 0.006 2.3812e-10 2.43986e-10
0.4514 0.006 4.5566e-10 2.58784e-10
0.4516 0.006 1.926e-10 2.74322e-10
0.452 0.006 2.977e-11 3.07706e-10
0.4522 0.006 4.776e-11 3.25591e-10
0.4524 0.006 9.548e-11 3.44296e-10
0.4526 0.006 8.296e-11 3.63837e-10
0.4528 0.006 1.131e-10 3.84229e-10
0.453 0.006 3.4886e-10 4.05486e-10
0.4532 0.006 4.4229e-10 4.27619e-10
0.4534 0.006 2.4834e-10 4.50638e-10
0.4536 0.006 2.6317e-10 4.74551e-10
0.4538 0.006 1.3257e-10 4.99363e-10
0.454 0.006 1.7764e-10 5.25077e-10
0.4542 0.006 6.384e-11 5.51694e-10
0.4544 0.006 1.5098e-10 5.79213e-10
0.4548 0.006 2.547e-10 6.36941e-10
0.455 0.006 5.5137e-10 6.67135e-10
0.4552 0.006 1.0179e-10 6.98202e-10
0.4554 0.006 4.443e-11 7.3013e-10
0.4556 0.006 2.602e-11 7.62903e-10
0.4558 0.006 8.311e-11 7.96506e-10
0.456 0.006 2.122e-11 8.30918e-10
0.4562 0.006 1.592e-10 8.66121e-10
0.4564 0.006 3.5812e-10 9.02092e-10
0.4566 0.006 3.3847e-10 9.38807e-10
0.4568 0.006 3.7642e-10 9.76244e-10
0.457 0.006 1.9905e-10 1.01438e-09
0.4572 0.006 5.1803e-10 1.05318e-09
0.4574 0.006 2.4267e-10 1.09262e-09
0.4576 0.006 3.612e-10 1.13269e-09
0.4578 0.006 2.9163e-10 1.17334e-09
0.4582 0.006 1.556e-11 1.25631e-09
0.4584 0.006 7.563e-11 1.29858e-09
0.4588 0.006 2.0472e-10 1.38456e-09
0.459 0.006 3.3736e-10 1.42822e-09
0.4592 0.006 1.568e-11 1.4723e-09
0.4594 0.006 3.0516e-10 1.51678e-09
0.4596 0.006 2.4738e-10 1.56165e-09
0.46 0.006 4.171e-11 1.65245e-09
0.4602 0.006 4.3443e-10 1.69836e-09
0.4604 0.006 1.0183e-10 1.74459e-09
0.4606 0.006 1.4221e-10 1.79113e-09
0.4608 0.006 5.1548e-10 1.83797e-09
0.461 0.006 3.0625e-10 1.88511e-09
0.4612 0.006 5.1902e-10 1.93253e-09
0.4614 0.006 3.7505e-10 1.98024e-09
0.4616 0.006 4.1559e-10 2.02822e-09
0.4618 0.006 2.322e-11 2.07649e-09
0.462 0.006 1.5903e-10 2.12503e-09
0.4622 0.006 1.361e-10 2.17385e-09
0.4624 0.006 4.2121e-10 2.22296e-09
0.4626 0.006 2.2453e-10 2.27235e-09
0.4628 0.006 4.466e-11 2.32203e-09
0.463 0.006 1.6835e-10 2.37202e-09
0.4632 0.006 1.6304e-10 2.4223e-09
0.4634 0.006 4.4735e-10 2.4729e-09
0.4636 0.006 1.3519e-10 2.52383e-09
0.4638 0.006 5.488e-10 2.57509e-09
0.464 0.006 1.4532e-10 2.62669e-09
0.4642 0.006 2.0085e-10 2.67865e-09
0.4644 0.006 2.7586e-10 2.73098e-09
0.4646 0.006 3.8e-11 2.78369e-09
0.4648 0.006 6.0826e-10 2.8368e-09
0.465 0.006 3.8466e-10 2.89031e-09
0.4652 0.006 5.7102e-10 2.94425e-09
0.4654 0.006 1.0905e-09 2.99863e-09
0.4656 0.006 1.4069e-09 3.05346e-09
0.4658 0.006 1.0208e-09 3.10877e-09
0.466 0.006 8.889e-10 3.16456e-09
0.4662 0.006 1.1004e-09 3.22085e-09
0.4664 0.006 1.3958e-09 3.27766e-09
0.4666 0.006 1.4522e-09 3.33501e-09
0.4668 0.006 1.6833e-09 3.39292e-09
0.467 0.006 2.1474e-09 3.45139e-09
0.4672 0.006 2.3144e-09 3.51046e-09
0.4674 0.006 2.2677e-09 3.57013e-09
0.4676 0.006 2.4076e-09 3.63043e-09
0.4678 0.006 2.9304e-09 3.69137e-09
0.468 0.006 3.1142e-09 3.75296e-09
0.4682 0.006 3.8191e-09 3.81524e-09
0.4684 0.006 3.3304e-09 3.87822e-09
0.4686 0.006 3.2537e-09 3.94191e-09
0.4688 0.006 3.5608e-09 4.00633e-09
0.469 0.006 3.891e-09 4.07151e-09
0.4692 0.006 4.2633e-09 4.13746e-09
0.4694 0.006 3.7521e-09 4.2042e-09
0.4696 0.006 3.8444e-09 4.27174e-09
0.4698 0.006 4.0836e-09 4.34012e-09
0.47 0.006 4.2995e-09 4.40934e-09
0.4702 0.006 3.9631e-09 4.47943e-09
0.4704 0.006 4.2076e-09 4.55041e-09
0.4706 0.006 4.7747e-09 4.62229e-09
0.4708 0.006 4.3489e-09 4.69509e-09
0.471 0.006 4.2695e-09 4.76884e-09
0.4712 0.006 4.5717e-09 4.84356e-09
0.4714 0.006 5.3798e-09 4.91925e-09
0.4716 0.006 5.0238e-09 4.99595e-09
0.4718 0.006 5.7456e-09 5.07368e-09
0.472 0.006 5.2927e-09 5.15245e-09
0.4722 0.006 5.2349e-09 5.23228e-09
0.4724 0.006 5.1191e-09 5.3132e-09
0.4726 0.006 4.9054e-09 5.39522e-09
0.4728 0.006 5.8739e-09 5.47837e-09
0.473 0.006 5.9868e-09 5.56267e-09
0.4732 0.006 5.7255e-09 5.64814e-09
0.4734 0.006 5.8655e-09 5.73479e-09
0.4736 0.006 6.1856e-09 5.82266e-09
0.4738 0.006 6.158e-09 5.91177e-09
0.474 0.006 5.6656e-09 6.00212e-09
0.4742 0.006 6.0267e-09 6.09376e-09
0.4744 0.006 6.4202e-09 6.18669e-09
0.4746 0.006 6.5542e-09 6.28095e-09
0.4748 0.006 6.2287e-09 6.37656e-09
0.475 0.006 6.1962e-09 6.47353e-09
0.4752 0.006 6.3804e-09 6.5719e-09
0.4754 0.006 6.7568e-09 6.67168e-09
0.4756 0.006 6.889e-09 6.7729e-09
0.4758 0.006 6.9277e-09 6.87559e-09
0.476 0.006 7.27e-09 6.97977e-09
0.4762 0.006 7.0529e-09 7.08546e-09
0.4764 0.006 7.2202e-09 7.19269e-09
0.4766 0.006 7.3455e-09 7.30149e-09
0.4768 0.006 7.5573e-09 7.41187e-09
0.477 0.006 7.5295e-09 7.52387e-09
0.4772 0.006 7.3505e-09 7.63752e-09
0.4774 0.006 7.1731e-09 7.75284e-09
0.4776 0.006 7.0576e-09 7.86985e-09
0.4778 0.006 6.7959e-09 7.98859e-09
0.478 0.006 6.6133e-09 8.10909e-09
0.4782 0.006 6.1548e-09 8.23136e-09
0.4784 0.006 5.8383e-09 8.35545e-09
0.4786 0.006 5.2605e-09 8.48138e-09
0.4788 0.006 4.6195e-09 8.60918e-09
0.479 0.006 4.5932e-09 8.73887e-09
0.4792 0.006 4.0564e-09 8.8705e-09
0.4794 0.006 3.6617e-09 9.0041e-09
0.4796 0.006 3.2888e-09 9.13968e-09
0.4798 0.006 2.7543e-09 9.2773e-09
0.48 0.006 2.6763e-09 9.41697e-09
0.4802 0.006 2.6341e-09 9.55873e-09
0.4804 0.006 2.5795e-09 9.70263e-09
0.4806 0.006 2.2481e-09 9.84868e-09
0.4808 0.006 1.9798e-09 9.99693e-09
0.481 0.006 1.7387e-09 1.01474e-08
0.4812 0.006 2.1782e-09 1.03002e-08
0.4814 0.006 2.1359e-09 1.04552e-08
0.4816 0.006 2.0763e-09 1.06126e-08
0.4818 0.006 1.7187e-09 1.07724e-08
0.482 0.006 1.8774e-09 1.09346e-08
0.4822 0.006 2.0623e-09 1.10992e-08
0.4824 0.006 1.5718e-09 1.12664e-08
0.4826 0.006 2.0689e-09 1.14361e-08
0.4828 0.006 1.848e-09 1.16083e-08
0.483 0.006 1.8714e-09 1.17832e-08
0.4832 0.006 1.7197e-09 1.19608e-08
0.4834 0.006 1.7149e-09 1.21411e-08
0.4836 0.006 1.839e-09 1.23241e-08
0.4838 0.006 1.9048e-09 1.251e-08
0.484 0.006 1.9963e-09 1.26986e-08
0.4842 0.006 1.8567e-09 1.28902e-08
0.4844 0.006 1.7364e-09 1.30848e-08
0.4846 0.006 2.1875e-09 1.32823e-08
0.4848 0.006 2.6009e-09 1.34829e-08
0.485 0.006 2.5173e-09 1.36866e-08
0.4852 0.006 2.5456e-09 1.38934e-08
0.4854 0.006 2.3455e-09 1.41035e-08
0.4856 0.006 2.7721e-09 1.43168e-08
0.4858 0.006 3.2204e-09 1.45334e-08
0.486 0.006 3.2424e-09 1.47534e-08
0.4862 0.006 3.476e-09 1.49769e-08
0.4864 0.006 3.7066e-09 1.52039e-08
0.4866 0.006 3.9594e-09 1.54344e-08
0.4868 0.006 4.0041e-09 1.56685e-08
0.487 0.006 4.6519e-09 1.59064e-08
0.4872 0.006 5.1863e-09 1.6148e-08
0.4874 0.006 5.5538e-09 1.63934e-08
0.4876 0.006 6.0833e-09 1.66427e-08
0.4878 0.006 6.4499e-09 1.68961e-08
0.488 0.006 6.8104e-09 1.71534e-08
0.4882 0.006 7.7479e-09 1.74149e-08
0.4884 0.006 8.5509e-09 1.76805e-08
0.4886 0.006 9.2258e-09 1.79505e-08
0.4888 0.006 1.0079e-08 1.82248e-08
0.489 0.006 1.0811e-08 1.85036e-08
0.4892 0.006 1.2028e-08 1.87869e-08
0.4894 0.006 1.3296e-08 1.90748e-08
0.4896 0.006 1.4528e-08 1.93674e-08
0.4898 0.006 1.5731e-08 1.96649e-08
0.49 0.006 1.7214e-08 1.99672e-08
0.4902 0.006 1.897e-08 2.02746e-08
0.4904 0.006 2.0192e-08 2.0587e-08
0.4906 0.006 2.2096e-08 2.09047e-08
0.4908 0.006 2.3817e-08 2.12277e-08
0.491 0.006 2.5217e-08 2.15562e-08
0.4912 0.006 2.6763e-08 2.18901e-08
0.4914 0.006 2.8979e-08 2.22298e-08
0.4916 0.006 3.0088e-08 2.25752e-08
0.4918 0.006 3.2008e-08 2.29266e-08
0.492 0.006 3.3921e-08 2.3284e-08
0.4922 0.006 3.5227e-08 2.36476e-08
0.4924 0.006 3.667e-08 2.40175e-08
0.4926 0.006 3.879e-08 2.43938e-08
0.4928 0.006 3.9557e-08 2.47767e-08
0.493 0.006 4.12e-08 2.51664e-08
0.4932 0.006 4.3328e-08 2.5563e-08
0.4934 0.006 4.4031e-08 2.59667e-08
0.4936 0.006 4.5883e-08 2.63775e-08
0.4938 0.006 4.7268e-08 2.67958e-08
0.494 0.006 4.843e-08 2.72216e-08
0.4942 0.006 4.9424e-08 2.76551e-08
0.4944 0.006 5.0935e-08 2.80966e-08
0.4946 0.006 5.1547e-08 2.85461e-08
0.4948 0.006 5.2822e-08 2.90039e-08
0.495 0.006 5.3648e-08 2.94702e-08
0.4952 0.006 5.4417e-08 2.99452e-08
0.4954 0.006 5.5155e-08 3.0429e-08
0.4956 0.006 5.5929e-08 3.0922e-08
0.4958 0.006 5.636e-08 3.14242e-08
0.496 0.006 5.7127e-08 3.19359e-08
0.4962 0.006 5.7422e-08 3.24573e-08
0.4964 0.006 5.7982e-08 3.29886e-08
0.4966 0.006 5.8058e-08 3.35301e-08
0.4968 0.006 5.8586e-08 3.40819e-08
0.497 0.006 5.8453e-08 3.46443e-08
0.4972 0.006 5.9032e-08 3.52175e-08
0.4974 0.006 5.8714e-08 3.58017e-08
0.4976 0.006 5.9252e-08 3.63972e-08
0.4978 0.006 5.9224e-08 3.70041e-08
0.498 0.006 5.8965e-08 3.76227e-08
0.4982 0.006 5.9204e-08 3.82531e-08
0.4984 0.006 5.8886e-08 3.88956e-08
0.4986 0.006 5.8922e-08 3.95504e-08
0.4988 0.006 5.871e-08 4.02176e-08
0.499 0.006 5.8777e-08 4.08973e-08
0.4992 0.006 5.8605e-08 4.15898e-08
0.4994 0.006 5.8528e-08 4.22952e-08
0.4996 0.006 5.8082e-08 4.30136e-08
0.4998 0.006 5.8366e-08 4.37451e-08
0.5 0.006 5.7799e-08 4.44897e-08
0.5002 0.006 5.7747e-08 4.52476e-08
0.5004 0.006 5.7629e-08 4.60186e-08
0.5006 0.006 5.7268e-08 4.68029e-08
0.5008 0.006 5.6852e-08 4.76003e-08
0.501 0.006 5.6871e-08 4.84107e-08
0.5012 0.006 5.6248e-08 4.92341e-08
0.5014 0.006 5.6158e-08 5.00703e-08
0.5016 0.006 5.5642e-08 5.09189e-08
0.5018 0.006 5.5466e-08 5.17799e-08
0.502 0.006 5.4812e-08 5.26527e-08
0.5022 0.006 5.4787e-08 5.35371e-08
0.5024 0.006 5.3687e-08 5.44326e-08
0.5026 0.006 5.339e-08 5.53387e-08
0.5028 0.006 5.3235e-08 5.62549e-08
0.503 0.006 5.2469e-08 5.71804e-08
0.5032 0.006 5.215e-08 5.81147e-08
0.5034 0.006 5.1981e-08 5.9057e-08
0.5036 0.006 5.1562e-08 6.00064e-08
0.5038 0.006 5.1e-08 6.0962e-08
0.504 0.006 5.0884e-08 6.1923e-08
0.5042 0.006 5.0341e-08 6.28882e-08
0.5044 0.006 5.0317e-08 6.38565e-08
0.5046 0.006 4.9782e-08 6.48269e-08
0.5048 0.006 5.004e-08 6.5798e-08
0.505 0.006 4.9882e-08 6.67686e-08
0.5052 0.006 4.9687e-08 6.77374e-08
0.5054 0.006 4.9959e-08 6.87029e-08
0.5056 0.006 5.0505e-08 6.96637e-08
0.5058 0.006 5.0127e-08 7.06183e-08
0.506 0.006 5.1007e-08 7.15651e-08
0.5062 0.006 5.1216e-08 7.25025e-08
0.5064 0.006 5.1823e-08 7.34289e-08
0.5066 0.006 5.2296e-08 7.43426e-08
0.5068 0.006 5.3285e-08 7.52419e-08
0.507 0.006 5.3607e-08 7.6125e-08
0.5072 0.006 5.4761e-08 7.69902e-08
0.5074 0.006 5.5743e-08 7.78356e-08
0.5076 0.006 5.6311e-08 7.86595e-08
0.5078 0.006 5.7439e-08 7.94601e-08
0.508 0.006 5.8412e-08 8.02355e-08
0.5082 0.006 5.9276e-08 8.0984e-08
0.5084 0.006 6.0438e-08 8.17036e-08
0.5086 0.006 6.1843e-08 8.23926e-08
0.5088 0.006 6.2339e-08 8.30493e-08
0.509 0.006 6.402e-08 8.36718e-08
0.5092 0.006 6.4933e-08 8.42585e-08
0.5094 0.006 6.6176e-08 8.48077e-08
0.5096 0.006 6.6964e-08 8.53178e-08
0.5098 0.006 6.8383e-08 8.57872e-08
0.51 0.006 6.9245e-08 8.62145e-08
0.5102 0.006 7.046e-08 8.65983e-08
0.5104 0.006 7.1488e-08 8.69374e-08
0.5106 0.006 7.2699e-08 8.72304e-08
0.5108 0.006 7.3524e-08 8.74764e-08
0.511 0.006 7.4882e-08 8.76743e-08
0.5112 0.006 7.5345e-08 8.78235e-08
0.5114 0.006 7.6734e-08 8.79232e-08
0.5116 0.006 7.7555e-08 8.7973e-08
0.5118 0.006 7.8182e-08 8.79724e-08
0.512 0.006 7.9118e-08 8.79214e-08
0.5122 0.006 7.9999e-08 8.78199e-08
0.5124 0.006 8.0663e-08 8.7668e-08
0.5126 0.006 8.1459e-08 8.74663e-08
0.5128 0.006 8.2192e-08 8.72152e-08
0.513 0.006 8.2898e-08 8.69155e-08
0.5132 0.006 8.3572e-08 8.65681e-08
0.5134 0.006 8.4018e-08 8.61742e-08
0.5136 0.006 8.4704e-08 8.57351e-08
0.5138 0.006 8.4921e-08 8.52521e-08
0.514 0.006 8.5592e-08 8.4727e-08
0.5142 0.006 8.5681e-08 8.41616e-08
0.5144 0.006 8.6283e-08 8.35578e-08
0.5146 0.006 8.6253e-08 8.29176e-08
0.5148 0.006 8.6466e-08 8.22433e-08
0.515 0.006 8.6655e-08 8.15372e-08
0.5152 0.006 8.677e-08 8.08016e-08
0.5154 0.006 8.6364e-08 8.00389e-08
0.5156 0.006 8.6622e-08 7.92518e-08
0.5158 0.006 8.609e-08 7.84427e-08
0.516 0.006 8.6384e-08 7.76142e-08
0.5162 0.006 8.56e-08 7.67689e-08
0.5164 0.006 8.5451e-08 7.59093e-08
0.5166 0.006 8.5035e-08 7.5038e-08
0.5168 0.006 8.4715e-08 7.41575e-08
0.517 0.006 8.4037e-08 7.32702e-08
0.5172 0.006 8.3884e-08 7.23785e-08
0.5174 0.006 8.2965e-08 7.14847e-08
0.5176 0.006 8.2531e-08 7.0591e-08
0.5178 0.006 8.1858e-08 6.96996e-08
0.518 0.006 8.1293e-08 6.88124e-08
0.5182 0.006 8.057e-08 6.79313e-08
0.5184 0.006 7.9804e-08 6.70583e-08
0.5186 0.006 7.9298e-08 6.61949e-08
0.5188 0.006 7.8208e-08 6.53426e-08
0.519 0.006 7.8145e-08 6.45031e-08
0.5192 0.006 7.6805e-08 6.36775e-08
0.5194 0.006 7.6535e-08 6.28671e-08
0.5196 0.006 7.5614e-08 6.20729e-08
0.5198 0.006 7.5202e-08 6.1296e-08
0.52 0.006 7.4244e-08 6.05373e-08
0.5202 0.006 7.426e-08 5.97974e-08
0.5204 0.006 7.2794e-08 5.9077e-08
0.5206 0.006 7.2992e-08 5.83767e-08
0.5208 0.006 7.088e-08 5.76969e-08
0.521 0.006 7.0619e-08 5.70381e-08
0.5212 0.006 6.9769e-08 5.64004e-08
0.5214 0.006 6.9492e-08 5.57842e-08
0.5216 0.006 6.8705e-08 5.51895e-08
0.5218 0.006 6.8292e-08 5.46165e-08
0.522 0.006 6.7602e-08 5.40651e-08
0.5222 0.006 6.7266e-08 5.35353e-08
0.5224 0.006 6.79e-08 5.3027e-08
0.5226 0.006 6.786e-08 5.25401e-08
0.5228 0.006 6.7046e-08 5.20743e-08
0.523 0.006 6.6778e-08 5.16294e-08
0.5232 0.006 6.6536e-08 5.12052e-08
0.5234 0.006 6.5818e-08 5.08014e-08
0.5236 0.006 6.5678e-08 5.04178e-08
0.5238 0.006 6.5182e-08 5.00542e-08
0.524 0.006 6.5088e-08 4.97117e-08
0.5242 0.006 6.4476e-08 4.93951e-08
0.5244 0.006 6.4225e-08 4.91156e-08
0.5246 0.006 6.3819e-08 4.88869e-08
0.5248 0.006 6.1733e-08 4.87166e-08
0.525 0.006 6.1832e-08 4.86067e-08
0.5252 0.006 6.3302e-08 4.85561e-08
0.5254 0.006 6.2667e-08 4.85635e-08
0.5256 0.006 6.2833e-08 4.86277e-08
0.5258 0.006 6.2316e-08 4.87477e-08
0.526 0.006 6.2433e-08 4.89225e-08
0.5262 0.006 6.2216e-08 4.91514e-08
0.5264 0.006 6.2259e-08 4.94335e-08
0.5266 0.006 6.2149e-08 4.97682e-08
0.5268 0.006 6.2417e-08 5.01548e-08
0.527 0.006 5.9753e-08 5.05924e-08
0.5272 0.006 5.9959e-08 5.10804e-08
0.5274 0.006 6.2693e-08 5.16182e-08
0.5276 0.006 6.3128e-08 5.22049e-08
0.5278 0.006 6.3578e-08 5.284e-08
0.528 0.006 6.3557e-08 5.35228e-08
0.5282 0.006 6.442e-08 5.42527e-08
0.5284 0.006 6.4796e-08 5.5029e-08
0.5286 0.006 6.5516e-08 5.58511e-08
0.5288 0.006 6.6149e-08 5.67184e-08
0.529 0.006 6.7206e-08 5.76302e-08
0.5292 0.006 6.773e-08 5.85861e-08
0.5294 0.006 6.9079e-08 5.95854e-08
0.5296 0.006 6.9861e-08 6.06276e-08
0.5298 0.006 7.1319e-08 6.1712e-08
0.53 0.006 7.1934e-08 6.28371e-08
0.5302 0.006 7.3613e-08 6.39992e-08
0.5304 0.006 7.4263e-08 6.51886e-08
0.5306 0.006 7.609e-08 6.63919e-08
0.5308 0.006 7.7184e-08 6.75991e-08
0.531 0.006 7.8273e-08 6.88062e-08
0.5312 0.006 7.9869e-08 7.00128e-08
0.5314 0.006 8.175e-08 7.12193e-08
0.5316 0.006 8.2685e-08 7.2426e-08
0.5318 0.006 8.4813e-08 7.3633e-08
0.532 0.006 8.6973e-08 7.48404e-08
0.5322 0.006 8.7829e-08 7.6048e-08
0.5324 0.006 9.0492e-08 7.72559e-08
0.5326 0.006 9.2166e-08 7.84638e-08
0.5328 0.006 9.4012e-08 7.96716e-08
0.533 0.006 9.5693e-08 8.08794e-08
0.5332 0.006 9.837e-08 8.20868e-08
0.5334 0.006 9.942e-08 8.3294e-08
0.5336 0.006 1.0212e-07 8.45006e-08
0.5338 0.006 1.0396e-07 8.57068e-08
0.534 0.006 1.0581e-07 8.69123e-08
0.5342 0.006 1.0785e-07 8.81171e-08
0.5344 0.006 1.1025e-07 8.93211e-08
0.5346 0.006 1.1139e-07 9.05243e-08
0.5348 0.006 1.1383e-07 9.17266e-08
0.535 0.006 1.1451e-07 9.29278e-08
0.5352 0.006 1.1666e-07 9.4128e-08
0.5354 0.006 1.185e-07 9.53271e-08
0.5356 0.006 1.2046e-07 9.6525e-08
0.5358 0.006 1.218e-07 9.77217e-08
0.536 0.006 1.228e-07 9.89172e-08
0.5362 0.006 1.2192e-07 1.00111e-07
0.5364 0.006 1.2368e-07 1.01304e-07
0.5366 0.006 1.2626e-07 1.02495e-07
0.5368 0.006 1.2812e-07 1.03685e-07
0.537 0.006 1.2612e-07 1.04874e-07
0.5372 0.006 1.2704e-07 1.06061e-07
0.5374 0.006 1.2778e-07 1.07246e-07
0.5376 0.006 1.295e-07 1.0843e-07
0.5378 0.006 1.296e-07 1.09612e-07
0.538 0.006 1.3028e-07 1.10793e-07
0.5382 0.006 1.2934e-07 1.11971e-07
0.5384 0.006 1.304e-07 1.13149e-07
0.5386 0.006 1.314e-07 1.14324e-07
0.5388 0.006 1.2968e-07 1.15498e-07
0.539 0.006 1.3092e-07 1.1667e-07
0.5392 0.006 1.3152e-07 1.1784e-07
0.5394 0.006 1.3158e-07 1.19008e-07
0.5396 0.006 1.329e-07 1.20175e-07
0.5398 0.006 1.3388e-07 1.2134e-07
0.54 0.006 1.3266e-07 1.22502e-07
0.5402 0.006 1.3202e-07 1.23663e-07
0.5404 0.006 1.3288e-07 1.24822e-07
0.5406 0.006 1.3506e-07 1.2598e-07
0.5408 0.006 1.3244e-07 1.27135e-07
0.541 0.006 1.3436e-07 1.28288e-07
0.5412 0.006 1.3474e-07 1.29439e-07
0.5414 0.006 1.2478e-07 1.30588e-07
0.5416 0.006 1.3496e-07 1.31735e-07
0.5418 0.006 1.3498e-07 1.3288e-07
0.542 0.006 1.3758e-07 1.34023e-07
0.5422 0.006 1.3624e-07 1.35163e-07
0.5424 0.006 1.3734e-07 1.36302e-07
0.5426 0.006 1.385e-07 1.37438e-07
0.5428 0.006 1.3978e-07 1.38572e-07
0.543 0.006 1.3968e-07 1.39704e-07
0.5432 0.006 1.4042e-07 1.40833e-07
0.5434 0.006 1.4082e-07 1.4196e-07
0.5436 0.006 1.4096e-07 1.43085e-07
0.5438 0.006 1.4256e-07 1.44207e-07
0.544 0.006 1.4232e-07 1.45326e-07
0.5442 0.006 1.4386e-07 1.46443e-07
0.5444 0.006 1.4508e-07 1.47558e-07
0.5446 0.006 1.4554e-07 1.48669e-07
0.5448 0.006 1.449e-07 1.49778e-07
0.545 0.006 1.4656e-07 1.50884e-07
0.5452 0.006 1.4902e-07 1.51986e-07
0.5454 0.006 1.4712e-07 1.53086e-07
0.5456 0.006 1.4984e-07 1.54183e-07
0.5458 0.006 1.5184e-07 1.55276e-07
0.546 0.006 1.5202e-07 1.56366e-07
0.5462 0.006 1.547e-07 1.57453e-07
0.5464 0.006 1.569e-07 1.58536e-07
0.5466 0.006 1.567e-07 1.59616e-07
0.5468 0.006 1.5822e-07 1.60691e-07
0.547 0.006 1.594e-07 1.61763e-07
0.5472 0.006 1.6212e-07 1.62831e-07
0.5474 0.006 1.638e-07 1.63895e-07
0.5476 0.006 1.6292e-07 1.64954e-07
0.5478 0.006 1.656e-07 1.66009e-07
0.548 0.006 1.6672e-07 1.6706e-07
0.5482 0.006 1.689e-07 1.68106e-07
0.5484 0.006 1.7042e-07 1.69147e-07
0.5486 0.006 1.718e-07 1.70183e-07
0.5488 0.006 1.7112e-07 1.71214e-07
0.549 0.006 1.7402e-07 1.7224e-07
0.5492 0.006 1.763e-07 1.7326e-07
0.5494 0.006 1.741e-07 1.74275e-07
0.5496 0.006 1.7966e-07 1.75284e-07
0.5498 0.006 1.8216e-07 1.76288e-07
